# Blender v2.93.1 OBJ File: ''
# www.blender.org
o Cube.002_Cube.003
v -0.950970 0.882624 1.235102
v -0.950970 1.043787 1.235102
v -0.950970 0.882624 0.765991
v -0.950970 1.043787 0.765991
v 0.999232 0.882624 1.235102
v 0.999232 1.043787 1.235102
v 0.999232 0.882624 0.765991
v 0.999232 1.043787 0.765991
v -2.612634 0.635698 1.096615
v -2.612634 0.919092 1.096615
v -2.612634 0.635698 0.904478
v -2.612634 0.919092 0.904478
v -0.612634 0.635698 2.000546
v -0.612634 0.919092 2.000546
v -0.612634 0.635698 0.000546
v -0.612634 0.919092 0.000546
v -0.613661 0.635698 1.412995
v -0.613661 0.919092 1.412995
v -0.613661 0.635698 0.588098
v -0.613661 0.919092 0.588098
v 1.386339 0.635698 1.412995
v 1.386339 0.919092 1.412995
v 1.386339 0.635698 0.588098
v 1.386339 0.919092 0.588098
v -2.030007 0.882624 1.055180
v -2.030007 1.043787 1.055180
v -2.030007 0.882624 0.945913
v -2.030007 1.043787 0.945913
v -0.892627 0.882624 1.569236
v -0.892627 1.043787 1.569236
v -0.892627 0.882624 0.431857
v -0.892627 1.043787 0.431857
s off
f 2 3 1
f 4 7 3
f 8 5 7
f 6 1 5
f 7 1 3
f 4 6 8
f 10 11 9
f 12 15 11
f 16 13 15
f 14 9 13
f 15 9 11
f 12 14 16
f 18 19 17
f 20 23 19
f 24 21 23
f 22 17 21
f 23 17 19
f 20 22 24
f 26 27 25
f 28 31 27
f 32 29 31
f 30 25 29
f 31 25 27
f 28 30 32
f 2 4 3
f 4 8 7
f 8 6 5
f 6 2 1
f 7 5 1
f 4 2 6
f 10 12 11
f 12 16 15
f 16 14 13
f 14 10 9
f 15 13 9
f 12 10 14
f 18 20 19
f 20 24 23
f 24 22 21
f 22 18 17
f 23 21 17
f 20 18 22
f 26 28 27
f 28 32 31
f 32 30 29
f 30 26 25
f 31 29 25
f 28 26 30
