# Blender v2.93.1 OBJ File: ''
# www.blender.org
o Cube_Cube.001
v -1.000000 3.518109 1.000000
v -1.000000 5.518109 1.000000
v -1.000000 3.518109 -1.000000
v -1.000000 5.518109 -1.000000
v 1.000000 3.518109 1.000000
v 1.000000 5.518109 1.000000
v 1.000000 3.518109 -1.000000
v 1.000000 5.518109 -1.000000
v 1.000000 4.567010 0.335401
v 2.380168 4.567010 0.335401
v 1.000000 5.227923 0.335401
v 2.380168 5.227923 0.335401
v 1.000000 4.567010 -0.353311
v 2.380168 4.567010 -0.353311
v 1.000000 5.227923 -0.353311
v 2.380168 5.227923 -0.353311
v 2.368301 4.567009 0.332156
v 2.368301 1.984639 0.332156
v 2.368301 4.567009 -0.345128
v 2.368301 1.984639 -0.345128
v 1.956651 4.567009 0.332156
v 1.956651 1.984639 0.332156
v 1.956651 4.567009 -0.345128
v 1.956651 1.984639 -0.345128
v -0.999999 4.638968 -0.374688
v -3.138962 4.638968 -0.374688
v -0.999999 5.227449 -0.374688
v -3.138962 5.227448 -0.374688
v -0.999999 4.638968 0.347102
v -3.138962 4.638968 0.347102
v -0.999999 5.227449 0.347102
v -3.138962 5.227448 0.347102
v -2.710743 4.638968 0.246472
v -2.710742 1.625276 0.246472
v -2.710743 4.638968 -0.290674
v -2.710742 1.625276 -0.290674
v -3.055646 4.638968 0.246472
v -3.055645 1.625276 0.246472
v -3.055646 4.638968 -0.290674
v -3.055645 1.625276 -0.290674
v -0.367104 3.518109 0.541288
v -0.367104 1.356333 0.541288
v -0.367104 3.518109 -0.402508
v -0.367104 1.356333 -0.402508
v -0.826794 3.518109 0.541288
v -0.826794 1.356333 0.541288
v -0.826794 3.518109 -0.402508
v -0.826794 1.356333 -0.402508
v 0.625303 3.518111 0.325375
v 0.625303 1.434293 0.325375
v 0.625303 3.518111 -0.788336
v 0.625303 1.434293 -0.788336
v 0.275702 3.518111 0.325375
v 0.275701 1.434293 0.325375
v 0.275702 3.518111 -0.788336
v 0.275701 1.434293 -0.788336
v -0.593666 5.518110 0.524878
v -0.593666 7.489105 0.524878
v -0.593666 5.518110 -0.825551
v -0.593666 7.489105 -0.825551
v 0.574565 5.518110 0.524878
v 0.574565 7.489105 0.524878
v 0.574565 5.518110 -0.825551
v 0.574565 7.489105 -0.825551
v -0.262139 6.780025 0.524879
v -0.262139 6.780025 1.011429
v -0.456126 6.780025 0.524879
v -0.456126 6.780025 1.011429
v -0.262139 7.057545 0.524879
v -0.262139 7.057545 1.011429
v -0.456126 7.057545 0.524879
v -0.456126 7.057545 1.011429
v 0.206973 6.719570 0.524877
v 0.206973 6.719570 0.860801
v 0.039124 6.719570 0.524877
v 0.039124 6.719570 0.860801
v 0.206973 7.015095 0.524877
v 0.206973 7.015095 0.860801
v 0.039124 7.015095 0.524877
v 0.039124 7.015095 0.860801
v 0.381760 6.215896 0.524878
v 0.381760 6.215896 0.859547
v -0.435731 6.215896 0.524878
v -0.435731 6.215896 0.859547
v 0.381760 6.355725 0.524878
v 0.381760 6.355725 0.859547
v -0.435731 6.355725 0.524878
v -0.435731 6.355725 0.859547
s off
f 2 3 1
f 4 7 3
f 8 5 7
f 6 1 5
f 7 1 3
f 4 6 8
f 10 11 9
f 12 15 11
f 16 13 15
f 14 9 13
f 15 9 11
f 12 14 16
f 18 19 17
f 20 23 19
f 24 21 23
f 22 17 21
f 23 17 19
f 20 22 24
f 26 27 25
f 28 31 27
f 32 29 31
f 30 25 29
f 31 25 27
f 28 30 32
f 34 35 33
f 36 39 35
f 40 37 39
f 38 33 37
f 39 33 35
f 36 38 40
f 42 43 41
f 44 47 43
f 48 45 47
f 45 42 41
f 47 41 43
f 44 46 48
f 50 51 49
f 52 55 51
f 56 53 55
f 54 49 53
f 55 49 51
f 52 54 56
f 58 59 57
f 60 63 59
f 64 61 63
f 62 57 61
f 63 57 59
f 60 62 64
f 66 67 65
f 68 71 67
f 72 69 71
f 70 65 69
f 71 65 67
f 68 70 72
f 73 76 75
f 76 79 75
f 80 77 79
f 78 73 77
f 79 73 75
f 76 78 80
f 82 83 81
f 84 87 83
f 88 85 87
f 86 81 85
f 87 81 83
f 84 86 88
f 2 4 3
f 4 8 7
f 8 6 5
f 6 2 1
f 7 5 1
f 4 2 6
f 10 12 11
f 12 16 15
f 16 14 13
f 14 10 9
f 15 13 9
f 12 10 14
f 18 20 19
f 20 24 23
f 24 22 21
f 22 18 17
f 23 21 17
f 20 18 22
f 26 28 27
f 28 32 31
f 32 30 29
f 30 26 25
f 31 29 25
f 28 26 30
f 34 36 35
f 36 40 39
f 40 38 37
f 38 34 33
f 39 37 33
f 36 34 38
f 42 44 43
f 44 48 47
f 48 46 45
f 45 46 42
f 47 45 41
f 44 42 46
f 50 52 51
f 52 56 55
f 56 54 53
f 54 50 49
f 55 53 49
f 52 50 54
f 58 60 59
f 60 64 63
f 64 62 61
f 62 58 57
f 63 61 57
f 60 58 62
f 66 68 67
f 68 72 71
f 72 70 69
f 70 66 65
f 71 69 65
f 68 66 70
f 73 74 76
f 76 80 79
f 80 78 77
f 78 74 73
f 79 77 73
f 76 74 78
f 82 84 83
f 84 88 87
f 88 86 85
f 86 82 81
f 87 85 81
f 84 82 86
