v 4.213967 3.129961 0.136136
v 4.454231 3.193705 0.136136
v 4.213967 3.129961 -0.136135
v 4.454231 3.193705 -0.136135
v 4.369588 2.733555 0.136136
v 4.548844 2.962285 0.136135
v 4.369588 2.733555 -0.136135
v 4.548844 2.962285 -0.136135
v 4.540222 3.115412 -0.136135
v 4.540222 3.115412 0.136136
v 4.266016 3.179023 0.136136
v 4.266016 3.179023 -0.136135
v 4.303227 3.168972 -0.136135
v 4.501032 3.166031 0.136136
v 4.501032 3.166031 -0.136135
v 4.559072 3.061317 -0.136135
v 4.559072 3.061317 0.136136
v 3.850851 3.111304 -0.136135
v 3.850851 3.111304 0.136136
v 4.054474 2.604699 0.136136
v 4.054474 2.604699 -0.136135
v 4.010741 2.735184 0.136136
v 4.010741 2.735184 -0.136135
v 3.850851 2.856092 -0.136135
v 3.850851 2.856092 0.136136
v 4.550974 2.029937 0.136136
v 4.550974 2.029937 -0.136135
v 4.118839 2.030560 0.136136
v 4.118839 2.030560 -0.136135
v 4.059431 2.491635 0.136136
v 4.059431 2.491635 -0.136135
v 4.330568 2.585966 0.136136
v 4.330568 2.585966 -0.136135
v 4.021776 2.380364 -0.136135
v 4.366785 2.434615 -0.136135
v 4.021776 2.380364 0.136136
v 4.366785 2.434615 0.136136
v 4.450724 2.270965 -0.136135
v 4.450724 2.270965 0.136136
v 4.325844 3.207200 0.136136
v 4.389552 3.210153 0.136136
v 4.389552 3.210153 -0.136135
v 4.325844 3.207200 -0.136135
v 4.303227 3.168972 0.136136
v 4.359382 3.183976 0.136136
v 4.359382 3.183976 -0.136135
v 4.421330 3.174984 0.136136
v 4.421330 3.174984 -0.136135
v 4.469211 3.157413 0.136136
v 4.469211 3.157413 -0.136135
v 4.508277 3.113776 -0.136135
v 4.508277 3.113776 0.136136
v 4.535614 3.063664 0.136136
v 4.535614 3.063664 -0.136135
v 4.247289 3.133721 -0.136135
v 4.247289 3.133721 0.136136
s 1
f 56 3 1
f 40 44 5
f 12 7 55
f 49 4 2
f 54 10 53
f 53 10 5
f 1 5 56
f 7 42 48
f 49 2 5
f 6 17 5
f 44 12 11
f 5 1 19
f 16 8 7
f 3 19 1
f 51 14 52
f 5 22 20
f 10 52 5
f 8 17 6
f 54 16 7
f 50 15 7
f 23 20 22
f 18 25 19
f 24 22 25
f 36 39 37
f 5 19 25
f 2 48 47
f 15 51 7
f 34 38 29
f 39 27 38
f 5 33 7
f 21 33 31
f 20 32 5
f 21 30 20
f 32 35 33
f 31 35 34
f 30 37 32
f 31 36 30
f 37 38 35
f 5 25 22
f 29 38 27
f 34 28 36
f 41 46 45
f 39 28 26
f 40 13 44
f 7 21 23
f 7 23 24
f 3 7 18
f 7 24 18
f 48 41 47
f 46 40 45
f 2 47 5
f 45 40 5
f 12 13 7
f 46 42 7
f 6 7 8
f 15 49 14
f 9 52 10
f 17 54 53
f 11 55 56
f 52 14 5
f 17 53 5
f 14 49 5
f 47 41 5
f 44 11 5
f 41 45 5
f 5 11 56
f 7 3 55
f 13 43 7
f 4 7 48
f 43 46 7
f 4 50 7
f 51 9 7
f 9 54 7
f 56 55 3
f 49 50 4
f 54 9 10
f 44 13 12
f 3 18 19
f 51 15 14
f 8 16 17
f 23 21 20
f 18 24 25
f 24 23 22
f 36 28 39
f 2 4 48
f 34 35 38
f 39 26 27
f 5 32 33
f 21 7 33
f 20 30 32
f 21 31 30
f 32 37 35
f 31 33 35
f 30 36 37
f 31 34 36
f 37 39 38
f 34 29 28
f 41 42 46
f 40 43 13
f 48 42 41
f 46 43 40
f 6 5 7
f 15 50 49
f 9 51 52
f 17 16 54
f 11 12 55
o Loader_Cube.005
v 4.461642 -3.363934 -0.595079
v 4.381624 -2.981971 -0.595079
v 2.264562 -3.579054 -0.595079
v 2.464603 -2.981971 -0.595079
v 2.343054 -3.318371 -0.595079
v 2.165995 -3.541368 -0.595079
v 2.203899 -3.364753 -0.595079
v 2.142434 -2.981971 -0.329706
v 1.996731 -3.579054 -0.329706
v 2.020885 -3.318371 -0.329706
v 1.843825 -3.541368 -0.329706
v 1.881729 -3.364753 -0.329706
v 3.316821 1.321127 -0.395031
v 1.524047 1.314118 -0.395030
v 3.008300 2.562922 -0.211110
v 1.215527 2.555913 -0.211110
v 4.345821 -2.981971 -0.395030
v 2.553048 -2.988980 -0.395030
v 2.319416 1.317384 -0.318142
v 2.210041 1.316635 -0.318142
v 1.887914 1.315541 -0.395030
v 2.118429 2.286541 -0.252008
v 1.926874 2.285802 -0.252121
v 2.726396 -0.203387 -0.395030
v 2.534841 -0.204136 -0.395030
v 3.262034 -2.462566 -0.395030
v 3.070479 -2.463314 -0.395030
v 3.006830 1.319915 -0.395030
v 2.886389 1.804691 -0.323149
v 3.909553 -2.460034 -0.395030
v 3.062692 1.320134 -0.395030
v 2.942251 1.804909 -0.323149
v 3.965415 -2.459816 -0.395030
v 2.081675 2.251029 -0.185706
v 1.972300 2.250281 -0.185706
v 3.219085 -2.427658 -0.318141
v 2.686501 -0.203387 -0.318142
v 3.109710 -2.428407 -0.318141
v 2.577126 -0.204136 -0.318142
v 3.034761 1.320024 -0.318142
v 2.921813 1.776852 -0.251924
v 3.931372 -2.436229 -0.318141
v 2.616202 1.318388 -0.395030
v 4.461642 -3.363934 0.595077
v 4.381624 -2.981971 0.595077
v 2.264562 -3.579054 0.595077
v 2.464603 -2.981971 0.595077
v 2.343054 -3.318371 0.595077
v 2.165995 -3.541368 0.595077
v 2.203899 -3.364753 0.595077
v 2.082045 -2.981971 -0.000001
v 1.906160 -3.579054 -0.000001
v 1.960497 -3.318371 -0.000001
v 1.783437 -3.541368 -0.000001
v 1.821341 -3.364753 -0.000001
v 2.142434 -2.981971 0.329705
v 1.996731 -3.579054 0.329705
v 2.020885 -3.318371 0.329705
v 1.843825 -3.541368 0.329705
v 1.881729 -3.364753 0.329705
v 3.316821 1.321127 0.395030
v 1.524047 1.314118 0.395030
v 3.008300 2.562922 0.211109
v 1.215527 2.555913 0.211109
v 4.345821 -2.981971 0.395029
v 2.553048 -2.988980 0.395029
v 2.319416 1.317384 0.318141
v 2.210041 1.316635 0.318141
v 1.887914 1.315541 0.395030
v 2.118429 2.286587 0.251951
v 1.926874 2.285843 0.252073
v 2.726396 -0.203387 0.395029
v 2.534841 -0.204136 0.395029
v 3.262034 -2.462566 0.395029
v 3.070479 -2.463314 0.395029
v 3.006830 1.319915 0.395030
v 2.886389 1.804691 0.323148
v 3.909553 -2.460034 0.395029
v 3.062692 1.320134 0.395030
v 2.942251 1.804909 0.323148
v 3.965415 -2.459816 0.395029
v 2.081675 2.251029 0.185705
v 1.972300 2.250281 0.185705
v 3.219085 -2.427658 0.318140
v 3.109710 -2.428407 0.318140
v 3.034761 1.320024 0.318141
v 2.921602 1.777204 0.251923
v 3.931875 -2.435880 0.318140
v 2.616202 1.318388 0.395030
s 1
f 66 63 68
f 64 61 66
f 59 63 61
f 108 67 65
f 101 57 58
f 100 113 108
f 68 62 67
f 111 67 110
f 107 66 109
f 109 68 111
f 65 57 108
f 65 62 59
f 76 77 79
f 80 92 93
f 74 83 82
f 117 137 121
f 81 77 76
f 95 75 93
f 78 91 79
f 80 75 99
f 98 84 96
f 80 84 86
f 144 132 134
f 85 96 84
f 94 93 92
f 81 76 95
f 83 92 82
f 144 135 142
f 69 87 88
f 81 94 83
f 118 74 122
f 76 90 75
f 88 96 97
f 75 80 93
f 78 75 90
f 85 88 97
f 76 79 91
f 99 75 78
f 114 106 104
f 112 104 103
f 106 102 104
f 115 108 113
f 100 104 102
f 116 105 106
f 59 57 65
f 111 115 116
f 107 114 112
f 109 116 114
f 105 113 102
f 132 133 145
f 124 127 125
f 142 133 132
f 129 124 125
f 139 126 127
f 128 145 123
f 133 143 136
f 69 119 117
f 140 131 130
f 136 142 135
f 133 126 145
f 138 124 123
f 117 73 69
f 126 138 123
f 84 99 85
f 124 139 127
f 145 126 123
f 70 120 72
f 77 70 72
f 136 119 133
f 126 120 127
f 73 86 89
f 79 77 72
f 89 86 98
f 98 87 89
f 117 119 136
f 137 144 134
f 85 99 78
f 102 113 100
f 57 100 108
f 58 60 64
f 100 103 104
f 103 101 112
f 58 64 107
f 107 101 58
f 57 60 58
f 57 59 61
f 132 145 128
f 117 136 135
f 128 140 130
f 123 140 128
f 129 141 124
f 131 141 129
f 141 123 124
f 89 69 73
f 83 74 81
f 81 74 77
f 74 70 77
f 73 82 86
f 86 82 80
f 88 85 71
f 133 119 126
f 69 88 71
f 72 119 71
f 78 72 71
f 85 78 71
f 127 120 125
f 120 118 125
f 129 125 122
f 131 129 122
f 122 125 118
f 134 132 128
f 134 128 130
f 121 137 134
f 130 122 121
f 121 134 130
f 66 61 63
f 64 60 61
f 59 62 63
f 108 110 67
f 101 100 57
f 68 63 62
f 111 68 67
f 107 64 66
f 109 66 68
f 65 67 62
f 80 82 92
f 117 135 137
f 95 76 75
f 78 90 91
f 98 86 84
f 80 99 84
f 144 142 132
f 85 97 96
f 94 95 93
f 83 94 92
f 144 137 135
f 81 95 94
f 118 70 74
f 76 91 90
f 88 87 96
f 114 116 106
f 112 114 104
f 106 105 102
f 115 110 108
f 116 115 105
f 111 110 115
f 107 109 114
f 109 111 116
f 105 115 113
f 142 143 133
f 139 138 126
f 69 71 119
f 140 141 131
f 136 143 142
f 138 139 124
f 117 121 73
f 70 118 120
f 126 119 120
f 98 96 87
f 100 101 103
f 107 112 101
f 57 61 60
f 141 140 123
f 89 87 69
f 73 74 82
f 72 120 119
f 78 79 72
f 130 131 122
o Trigger_Cube.003
v 0.069627 1.217359 0.152321
v 0.069627 1.421758 0.152321
v 0.069627 1.217359 -0.152321
v 0.069627 1.421758 -0.152321
v 0.277583 1.217359 0.152321
v 0.277583 1.421758 0.152321
v 0.277583 1.217359 -0.152321
v 0.277583 1.421758 -0.152321
v 0.167770 1.063806 0.152321
v 0.167770 1.063806 -0.152321
v 0.301218 1.059778 0.152321
v 0.301218 1.059778 -0.152321
v 0.202505 0.867570 0.152321
v 0.202505 0.867570 -0.152321
v 0.352062 0.865556 0.152321
v 0.352062 0.865556 -0.152321
v 0.190077 0.692404 0.152321
v 0.190077 0.692404 -0.152321
v 0.349704 0.690390 0.152321
v 0.349704 0.690390 -0.152321
v 0.145774 0.543385 0.152321
v 0.145774 0.543385 -0.152321
v 0.305401 0.541371 0.152321
v 0.305401 0.541371 -0.152321
v 0.067237 0.410476 0.152321
v 0.067237 0.410476 -0.152321
v 0.226864 0.408462 0.152321
v 0.226864 0.408462 -0.152321
v -0.021368 0.303746 0.152321
v -0.021368 0.303746 -0.152321
v 0.118120 0.301732 0.152321
v 0.118120 0.301732 -0.152321
v -0.192539 0.211113 0.152321
v -0.192539 0.211113 -0.152321
v -0.049023 0.209099 0.152321
v -0.049023 0.209099 -0.152321
s off
f 149 146 147
f 153 148 149
f 151 152 153
f 147 150 151
f 150 154 156
f 155 158 154
f 152 155 148
f 150 157 152
f 148 154 146
f 160 165 161
f 156 158 160
f 156 161 157
f 157 159 155
f 162 168 164
f 159 165 163
f 159 162 158
f 158 164 160
f 167 173 171
f 165 168 169
f 163 169 167
f 163 166 162
f 170 176 172
f 167 170 166
f 166 172 168
f 168 173 169
f 175 178 174
f 172 177 173
f 171 177 175
f 171 174 170
f 179 180 178
f 174 180 176
f 176 181 177
f 175 181 179
f 149 148 146
f 153 152 148
f 151 150 152
f 147 146 150
f 150 146 154
f 155 159 158
f 152 157 155
f 150 156 157
f 148 155 154
f 160 164 165
f 156 154 158
f 156 160 161
f 157 161 159
f 162 166 168
f 159 161 165
f 159 163 162
f 158 162 164
f 167 169 173
f 165 164 168
f 163 165 169
f 163 167 166
f 170 174 176
f 167 171 170
f 166 170 172
f 168 172 173
f 175 179 178
f 172 176 177
f 171 173 177
f 171 175 174
f 179 181 180
f 174 178 180
f 176 180 181
f 175 177 181
o Barrel_Circle
v -4.900592 1.935920 -0.196773
v -4.900592 1.837579 -0.170422
v -4.900592 1.765588 -0.098431
v -4.900592 1.739237 -0.000090
v -4.900592 1.765588 0.098252
v -4.900592 1.837579 0.170243
v -4.900592 1.935920 0.196594
v -4.900592 2.034262 0.170243
v -4.900592 2.106253 0.098252
v -4.900592 2.132604 -0.000089
v -4.900592 2.106253 -0.098431
v -4.900592 2.034262 -0.170422
v -1.097343 1.935920 -0.196773
v -1.097343 1.837579 -0.170422
v -1.097343 1.765588 -0.098431
v -1.097343 1.739237 -0.000090
v -1.097343 1.765588 0.098252
v -1.097343 1.837579 0.170243
v -1.097343 1.935920 0.196594
v -1.097343 2.034262 0.170243
v -1.097343 2.106253 0.098252
v -1.097343 2.132604 -0.000089
v -1.097343 2.106253 -0.098431
v -1.097343 2.034262 -0.170422
v -4.909663 1.935920 -0.173202
v -4.909663 1.849364 -0.150009
v -4.909663 1.786001 -0.086646
v -4.909663 1.762808 -0.000090
v -4.909663 1.786001 0.086467
v -4.909663 1.849364 0.149830
v -4.909663 1.935920 0.173023
v -4.909663 2.022477 0.149830
v -4.909663 2.085840 0.086467
v -4.909663 2.109033 -0.000089
v -4.909663 2.085841 -0.086646
v -4.909663 2.022477 -0.150009
v -4.911389 2.859198 -0.296835
v -4.911389 2.710825 -0.257079
v -4.911389 2.602209 -0.148462
v -4.911389 2.562453 -0.000090
v -4.911389 2.602209 0.148283
v -4.911389 2.710825 0.256900
v -4.911389 2.859198 0.296656
v -4.911389 3.007571 0.256900
v -4.911389 3.116187 0.148283
v -4.911389 3.155944 -0.000089
v -4.911389 3.116187 -0.148462
v -4.911389 3.007571 -0.257079
v -1.211119 2.859198 -0.296835
v -1.211119 2.710825 -0.257079
v -1.211119 2.602209 -0.148462
v -1.211119 2.562453 -0.000090
v -1.211119 2.602209 0.148283
v -1.211119 2.710825 0.256900
v -1.211119 2.859198 0.296656
v -1.211119 3.007571 0.256900
v -1.211119 3.116187 0.148283
v -1.211119 3.155944 -0.000089
v -1.211119 3.116187 -0.148462
v -1.211119 3.007571 -0.257079
v -4.925075 2.859198 -0.261273
v -4.925075 2.728606 -0.226281
v -4.925075 2.633007 -0.130681
v -4.925075 2.598015 -0.000090
v -4.925075 2.633007 0.130502
v -4.925075 2.728606 0.226102
v -4.925075 2.859198 0.261094
v -4.925075 2.989790 0.226102
v -4.925075 3.085389 0.130502
v -4.925075 3.120381 -0.000089
v -4.925075 3.085390 -0.130681
v -4.925075 2.989790 -0.226281
v -1.213246 2.859198 -0.261273
v -1.213246 2.728606 -0.226281
v -1.213246 2.633007 -0.130681
v -1.213246 2.598015 -0.000090
v -1.213246 2.633007 0.130502
v -1.213246 2.728606 0.226102
v -1.213246 2.859198 0.261094
v -1.213246 2.989790 0.226102
v -1.213246 3.085390 0.130502
v -1.213246 3.120382 -0.000089
v -1.213246 3.085390 -0.130681
v -1.213246 2.989790 -0.226281
s 1
f 201 190 189
f 196 185 184
f 205 182 193
f 200 189 188
f 195 184 183
f 204 193 192
f 199 188 187
f 194 183 182
f 203 192 191
f 198 187 186
f 202 191 190
f 197 186 185
f 182 217 193
f 188 213 212
f 184 207 183
f 192 217 216
f 188 211 187
f 183 206 182
f 192 215 191
f 187 210 186
f 190 215 214
f 185 210 209
f 189 214 213
f 185 208 184
f 210 214 206
f 237 226 225
f 232 221 220
f 241 218 229
f 236 225 224
f 231 220 219
f 240 229 228
f 223 236 224
f 230 219 218
f 239 228 227
f 222 235 223
f 238 227 226
f 233 222 221
f 218 253 229
f 225 248 224
f 220 243 219
f 228 253 252
f 224 247 223
f 218 243 242
f 228 251 227
f 222 247 246
f 226 251 250
f 222 245 221
f 226 249 225
f 221 244 220
f 253 264 252
f 248 259 247
f 242 255 254
f 252 263 251
f 247 258 246
f 251 262 250
f 246 257 245
f 250 261 249
f 245 256 244
f 253 254 265
f 249 260 248
f 244 255 243
f 201 202 190
f 196 197 185
f 205 194 182
f 200 201 189
f 195 196 184
f 204 205 193
f 199 200 188
f 194 195 183
f 203 204 192
f 198 199 187
f 202 203 191
f 197 198 186
f 182 206 217
f 188 189 213
f 184 208 207
f 192 193 217
f 188 212 211
f 183 207 206
f 192 216 215
f 187 211 210
f 190 191 215
f 185 186 210
f 189 190 214
f 185 209 208
f 206 207 210
f 207 208 210
f 208 209 210
f 210 211 214
f 211 212 214
f 212 213 214
f 214 215 216
f 216 217 214
f 217 206 214
f 237 238 226
f 232 233 221
f 241 230 218
f 236 237 225
f 231 232 220
f 240 241 229
f 223 235 236
f 230 231 219
f 239 240 228
f 222 234 235
f 238 239 227
f 233 234 222
f 218 242 253
f 225 249 248
f 220 244 243
f 228 229 253
f 224 248 247
f 218 219 243
f 228 252 251
f 222 223 247
f 226 227 251
f 222 246 245
f 226 250 249
f 221 245 244
f 253 265 264
f 248 260 259
f 242 243 255
f 252 264 263
f 247 259 258
f 251 263 262
f 246 258 257
f 250 262 261
f 245 257 256
f 253 242 254
f 249 261 260
f 244 256 255
o Slider_Cube
v -4.570674 3.383862 0.322306
v -4.570674 3.383862 -0.322305
v -4.301849 3.383862 0.322306
v -4.301849 3.383862 -0.322305
v -4.589458 3.350865 0.361083
v -4.589458 3.350865 -0.360592
v -4.291762 3.350865 0.361083
v -4.291762 3.350865 -0.360592
v -4.617002 3.294237 0.369296
v -4.617002 3.294237 -0.368800
v -4.276532 3.294237 0.369296
v -4.276532 3.294237 -0.368800
v -4.001739 3.383862 -0.322305
v -4.001739 3.383862 0.322306
v -4.291762 3.350865 0.137167
v -4.570674 3.419397 0.104130
v -4.570674 3.419397 -0.104072
v -4.001863 3.419397 -0.104072
v -4.001860 3.419397 0.104130
v -4.570674 3.419397 -0.322305
v -4.001863 3.419397 -0.322305
v -4.570674 3.419397 0.322306
v -4.001860 3.419397 0.322306
v -4.570674 3.639847 0.068291
v -4.570674 3.639847 -0.068234
v -4.096774 3.639848 -0.068234
v -4.096770 3.639848 0.068291
v 3.236462 3.380156 0.322306
v 3.306687 3.606940 0.322306
v 3.236462 3.380156 -0.322305
v 3.306687 3.606940 -0.322305
v 3.683657 3.380156 0.322306
v 3.683657 3.380156 -0.322305
v 3.207923 3.290834 0.409942
v 3.207923 3.290834 -0.409935
v 3.726472 3.290834 0.409942
v 3.726472 3.290834 -0.409935
v 3.176857 3.203492 0.419266
v 3.176857 3.203492 -0.419265
v 3.760244 3.203492 0.419266
v 3.760244 3.203492 -0.419265
v 4.001579 3.606940 -0.322305
v 4.001222 3.380156 -0.322305
v 4.001579 3.606940 0.322306
v 4.001222 3.380156 0.322306
v 3.306687 3.606940 0.107436
v 3.306687 3.606940 -0.107435
v 4.001579 3.606940 -0.107435
v 4.001579 3.606940 0.107436
v 3.271834 3.492939 0.104130
v 3.271300 3.491007 -0.104072
v 4.001388 3.491007 -0.104072
v 4.001391 3.492939 0.104130
v -1.289735 3.141144 0.388758
v -1.289735 2.559365 -0.378094
v 0.710265 3.141144 0.388758
v 0.710265 2.559365 -0.378094
v -1.289735 3.178600 0.388758
v -1.289735 3.178600 -0.378094
v 0.710265 3.178600 -0.378094
v 0.710265 3.178600 0.388758
v -1.289735 3.313836 0.321460
v 0.710265 3.313836 0.321460
v -1.289735 3.313836 -0.317694
v 0.710265 3.313836 -0.317694
v -4.746424 2.195006 0.567559
v -4.746421 3.386925 0.325680
v 4.562000 2.007308 0.480231
v 0.250952 2.430703 0.567559
v 0.399308 2.489237 0.567559
v -4.296165 2.007324 0.483825
v -4.892960 3.322723 0.274020
v -4.892960 2.262666 0.479999
v -4.892960 2.571754 0.479996
v -4.746424 2.418027 0.567559
v 4.513446 2.196605 0.478548
v 0.169687 2.571754 0.470598
v 0.169687 2.418027 0.567559
v 2.277922 2.196605 0.567559
v 0.491277 2.571262 0.567559
v 4.426545 2.196605 0.567559
v 4.140279 3.326691 0.253690
v -4.746422 3.110292 0.482170
v 4.282481 2.960026 0.478130
v 0.169687 3.109662 0.482657
v 0.491277 2.959698 0.567559
v 4.190829 2.959701 0.567559
v 0.280426 2.571583 0.485243
v 0.408239 2.571419 0.516477
v 0.280580 3.087854 0.495002
v 0.408504 3.039217 0.522540
v 0.373331 3.386925 0.325680
v -4.299331 3.386925 0.325680
v 4.001838 3.386925 0.325680
v -4.892960 2.971131 0.481624
v 4.288426 2.196605 0.567559
v 4.052494 2.959701 0.567559
v 3.689822 3.386925 0.325680
v 3.240607 3.386925 0.325680
v 3.315138 2.196605 0.567559
v 3.079626 2.959700 0.567559
v 0.362896 3.240553 0.408551
v 0.295790 3.157703 0.455545
v 0.207094 3.151576 0.458925
v -4.276207 3.298357 0.376987
v 3.762288 3.207080 0.427882
v 3.172243 3.207079 0.427882
v -4.573833 3.386925 0.325680
v -4.616377 3.298875 0.376708
v 4.083968 2.196605 0.567559
v 3.851861 2.959701 0.567559
v 4.009269 2.196605 0.567559
v 3.796179 2.959701 0.567559
v 3.502953 2.196605 0.567559
v 3.261583 2.959700 0.567559
v 3.569354 2.196605 0.567559
v 3.331693 2.959700 0.567559
v 3.824935 2.196605 0.567559
v 3.601550 2.959701 0.567559
v 3.755854 2.196605 0.567559
v 3.528610 2.959701 0.567559
v 2.039170 2.959699 0.567559
v 3.246142 2.196605 0.567559
v 3.010414 2.959700 0.567559
v 3.057286 2.196605 0.567559
v 2.820968 2.959700 0.567559
v 2.995898 2.196605 0.567559
v 2.759388 2.959700 0.567559
v 2.807097 2.196605 0.567559
v 2.569998 2.959700 0.567559
v 2.734936 2.196605 0.567559
v 2.497612 2.959700 0.567559
v 2.546285 2.196605 0.567559
v 2.308372 2.959700 0.567559
v 2.473827 2.196605 0.567559
v 2.235687 2.959700 0.567559
v 4.098968 2.211605 0.514194
v 4.273426 2.211605 0.514194
v 3.866861 2.944701 0.514194
v 4.037494 2.944701 0.514194
v 3.094626 2.944700 0.514194
v 3.330138 2.211605 0.514194
v 3.839936 2.211605 0.514194
v 3.994269 2.211605 0.514194
v 3.616550 2.944701 0.514194
v 3.781178 2.944701 0.514194
v 3.487952 2.211605 0.514194
v 3.246583 2.944700 0.514194
v 3.584354 2.211605 0.514194
v 3.346694 2.944700 0.514194
v 3.740854 2.211605 0.514194
v 3.513609 2.944701 0.514194
v 2.053791 2.944699 0.514194
v 2.292542 2.211605 0.514194
v 3.072286 2.211605 0.514194
v 3.231142 2.211605 0.514194
v 2.835968 2.944700 0.514194
v 2.995414 2.944700 0.514194
v 2.822097 2.211605 0.514194
v 2.980898 2.211605 0.514194
v 2.584998 2.944700 0.514194
v 2.744388 2.944700 0.514194
v 2.561285 2.211605 0.514194
v 2.719937 2.211605 0.514194
v 2.323372 2.944700 0.514194
v 2.482612 2.944700 0.514194
v 2.458827 2.211605 0.514194
v 2.220687 2.944700 0.514194
v -1.111066 3.386925 0.325680
v -1.111066 3.282244 0.385673
v -0.986631 3.154328 0.457363
v -1.048848 3.164097 0.451862
v -4.746424 2.195006 -0.567559
v -4.746421 3.386925 -0.325680
v 4.562000 2.007308 -0.480275
v 0.250952 2.430703 -0.567559
v 0.399308 2.489237 -0.567559
v -4.296165 2.007324 -0.483825
v -4.892960 3.322723 -0.274020
v -4.892960 2.262666 -0.479999
v -4.892960 2.571687 -0.479996
v -4.746424 2.418027 -0.567559
v 4.513446 2.196605 -0.477594
v 0.169687 2.571445 -0.472199
v 0.169687 2.418027 -0.567559
v 2.277922 2.196605 -0.567559
v 0.491277 2.571262 -0.567559
v 4.426545 2.196605 -0.567559
v 4.140279 3.326691 -0.253690
v -4.746422 3.110292 -0.482170
v 4.282481 2.960026 -0.478130
v 0.491277 2.959698 -0.567559
v 4.190829 2.959701 -0.567559
v 0.280446 2.571445 -0.486540
v 0.373910 2.571445 -0.522530
v 0.373919 3.039217 -0.522540
v 0.373666 3.386925 -0.325680
v -4.299331 3.386925 -0.325680
v -4.892960 2.371455 0.273025
v 4.001838 3.386925 -0.325680
v -4.892960 2.971131 -0.479920
v 4.288426 2.196605 -0.567559
v 4.052494 2.959701 -0.567559
v 3.689822 3.386925 -0.325680
v 3.240607 3.386925 -0.325680
v 3.315138 2.196605 -0.567559
v 3.079626 2.959700 -0.567559
v -4.276207 3.298357 -0.376987
v 3.762288 3.207080 -0.427882
v 3.172243 3.207079 -0.427882
v -4.573833 3.386925 -0.325680
v -4.616377 3.298875 -0.376708
v 4.083968 2.196605 -0.567559
v 3.851861 2.959701 -0.567559
v 4.009269 2.196605 -0.567559
v 3.796179 2.959701 -0.567559
v 3.502953 2.196605 -0.567559
v 3.261583 2.959700 -0.567559
v 3.569354 2.196605 -0.567559
v 3.331693 2.959700 -0.567559
v 3.824935 2.196605 -0.567559
v 3.601550 2.959701 -0.567559
v 3.755854 2.196605 -0.567559
v 3.528610 2.959701 -0.567559
v 2.039170 2.959699 -0.567559
v 3.246142 2.196605 -0.567559
v 3.010414 2.959700 -0.567559
v 3.057286 2.196605 -0.567559
v 2.820968 2.959700 -0.567559
v 2.995898 2.196605 -0.567559
v 2.759388 2.959700 -0.567559
v 2.807097 2.196605 -0.567559
v 2.569998 2.959700 -0.567559
v 2.734936 2.196605 -0.567559
v 2.497612 2.959700 -0.567559
v 2.546285 2.196605 -0.567559
v 2.308372 2.959700 -0.567559
v 2.473827 2.196605 -0.567559
v 2.235687 2.959700 -0.567559
v 4.098968 2.211605 -0.514194
v 4.273426 2.211605 -0.514194
v 3.866861 2.944701 -0.514194
v 4.037494 2.944701 -0.514194
v 3.094626 2.944700 -0.514194
v 3.330138 2.211605 -0.514194
v 3.839936 2.211605 -0.514194
v 3.994269 2.211605 -0.514194
v 3.616550 2.944701 -0.514194
v 3.781178 2.944701 -0.514194
v 3.487952 2.211605 -0.514194
v 3.246583 2.944700 -0.514194
v 3.584354 2.211605 -0.514194
v 3.346694 2.944700 -0.514194
v 3.740854 2.211605 -0.514194
v 3.513609 2.944701 -0.514194
v 2.053791 2.944699 -0.514194
v 2.292542 2.211605 -0.514194
v 3.072286 2.211605 -0.514194
v 3.231142 2.211605 -0.514194
v 2.835968 2.944700 -0.514194
v 2.995414 2.944700 -0.514194
v 2.822097 2.211605 -0.514194
v 2.980898 2.211605 -0.514194
v 2.584998 2.944700 -0.514194
v 2.744388 2.944700 -0.514194
v 2.561285 2.211605 -0.514194
v 2.719937 2.211605 -0.514194
v 2.323372 2.944700 -0.514194
v 2.482612 2.944700 -0.514194
v 2.458827 2.211605 -0.514194
v 2.220687 2.944700 -0.514194
v -1.111066 3.386925 -0.325680
v -1.111066 3.109931 -0.482256
v -1.111066 2.571445 -0.475631
v -1.111066 2.571445 -0.372322
v 0.373890 2.571445 -0.372322
v 0.373331 3.310031 0.317124
v 0.295790 3.157703 0.378189
v 0.207094 3.151576 0.378189
v -1.111066 3.290690 0.294268
v -0.986631 3.154328 0.378396
v -1.048848 3.164097 0.378396
v -1.111066 3.291514 -0.281723
v 0.373666 3.309125 -0.247024
v -4.892960 2.371455 -0.274964
v -4.746424 2.371701 0.273626
v -4.746424 2.371701 -0.276004
v -4.892960 1.825316 0.273025
v -4.892960 1.825316 -0.274964
v -4.746424 1.825316 0.273626
v -4.746424 1.825316 -0.276004
v 4.562000 2.007308 -0.398987
v 4.562000 2.007308 0.398993
v 4.402727 2.534854 -0.399401
v 4.402727 2.534854 0.399724
v 4.491373 2.263882 -0.446098
v 4.491373 2.263882 0.446421
v 4.182734 3.198954 -0.139337
v 4.182734 3.198954 0.139661
v 4.402727 2.534852 0.139661
v 4.402727 2.534852 -0.139337
v 4.491373 2.263882 0.398637
v 4.491373 2.263882 -0.398652
v -4.296669 2.007595 -0.449518
v -4.892960 2.262666 0.446577
v 4.523284 2.158095 -0.446183
v 4.523297 2.158045 0.446515
v 4.523284 2.158095 -0.398865
v -4.296669 2.007595 -0.398987
v 4.523297 2.158045 0.398858
v -4.296669 2.007595 0.398993
v -4.892960 2.262666 -0.445979
v -4.892960 2.371455 -0.398651
v -4.894112 2.371455 0.398543
v -1.111066 3.110028 -0.372322
v 0.373890 3.039210 -0.372322
v -4.892960 2.701148 0.280481
v -4.892960 2.581963 0.162799
v -4.892960 2.537013 -0.000094
v -4.892960 1.687614 0.136028
v -4.892960 1.644129 -0.000969
v -4.892960 1.687614 -0.137966
v -4.746424 1.687614 0.136219
v -4.746424 1.644129 -0.001189
v -4.746424 1.687614 -0.138596
v -4.892960 2.580021 -0.161965
v -4.892960 2.119711 0.108552
v -4.892960 1.754955 0.105930
v -4.892960 2.148438 -0.000969
v -4.892960 1.722628 -0.000969
v -4.892960 2.119711 -0.107258
v -4.892960 1.752077 -0.107258
v -4.892960 2.040333 0.185940
v -4.892960 1.936027 0.213227
v -4.892960 1.830487 0.185940
v -4.892960 2.041949 -0.185454
v -4.892960 1.934411 -0.213549
v -4.892960 1.829679 -0.184646
v -4.747319 2.106995 0.101126
v -4.747319 1.765937 0.096581
v -4.747319 2.133711 -0.000729
v -4.747319 1.737708 -0.000729
v -4.747319 2.106995 -0.099577
v -4.747319 1.765095 -0.099577
v -4.747319 2.033173 0.173097
v -4.747319 1.936169 0.198473
v -4.747319 1.838017 0.173097
v -4.747319 2.034676 -0.172300
v -4.747319 1.934666 -0.198428
v -4.747319 1.837265 -0.171548
v -4.892960 2.859699 -0.320549
v -4.892960 3.020727 0.277402
v -4.892960 3.138352 -0.158973
v -4.892960 3.181359 -0.000085
v -4.892960 3.138351 0.159757
v -4.892960 3.018289 -0.279633
v -4.892960 2.696499 -0.279933
v -4.892960 2.862938 0.321086
v -4.753092 3.118845 0.148576
v -4.753092 3.009455 0.257986
v -4.753093 2.559601 -0.000086
v -4.753092 3.118846 -0.147843
v -4.753093 2.601404 0.151405
v -4.753092 3.158843 -0.000078
v -4.753093 2.712246 0.260849
v -4.753093 2.599598 -0.150626
v -4.753092 3.007188 -0.260057
v -4.753092 2.859699 -0.298109
v -4.753093 2.862711 0.298611
v -4.753093 2.707923 -0.260336
v 3.019917 2.634638 -0.372322
v 3.019917 3.310031 0.317124
v 3.019917 3.157703 0.378189
v 3.019917 3.309125 -0.247024
v 3.019917 3.039210 -0.372322
v 3.019917 2.527877 0.399724
v 3.019917 3.198954 -0.138371
v 3.019917 3.198954 0.138696
v 3.019917 2.527328 0.138696
v 3.019917 2.527328 -0.138371
v 0.376218 2.527877 -0.399401
v 0.376218 2.263882 -0.446098
v 0.376218 2.263882 0.446421
v 0.376218 2.263882 0.398637
v 0.376218 2.263882 -0.398652
v 0.376218 2.158095 -0.446183
v 0.376218 2.158045 0.446515
v 0.376218 2.158095 -0.398865
v 0.376218 2.007308 -0.398987
v 0.376218 2.158045 0.398858
v 0.376218 2.007308 0.398993
v 3.019917 2.527877 -0.399401
v -4.662976 2.160233 0.398711
v -4.662976 2.160233 0.447244
v -4.661665 2.159687 -0.446762
v -4.661665 2.159687 -0.398756
v -4.746424 2.371701 -0.398189
v -4.746424 2.371701 0.399166
v -4.893536 2.262684 0.398522
v -3.785866 2.195006 -0.446121
v -3.785866 2.195006 0.446647
v -3.787212 2.160233 0.398711
v -3.787212 2.160233 0.447244
v -3.785901 2.159687 -0.446762
v -3.785901 2.159687 -0.398756
v -3.787626 2.262666 0.446577
v -3.787626 2.262666 -0.445979
v -3.788202 2.262684 0.398522
v -3.787626 2.262684 -0.398276
v -4.745916 2.262666 -0.445979
v -4.565357 2.159687 -0.446762
v -4.565357 2.159687 -0.398756
v -4.745916 2.262684 -0.398276
v -4.745664 2.262666 0.446577
v -4.547820 2.160233 0.398711
v -4.547820 2.160233 0.447244
v -4.746240 2.262684 0.398522
v -4.893190 2.262684 -0.398276
v 0.362896 3.240553 0.347657
s 1
f 281 290 282
f 271 277 275
f 266 272 268
f 267 273 271
f 270 276 272
f 287 281 266
f 286 283 278
f 268 272 280
f 282 285 267
f 280 276 277
f 281 288 284
f 286 282 283
f 282 267 281
f 278 283 284
f 268 288 287
f 287 266 268
f 284 288 279
f 279 278 284
f 285 269 267
f 269 286 278
f 289 291 290
f 281 292 289
f 282 291 283
f 283 292 284
f 313 296 312
f 315 317 316
f 302 304 300
f 297 299 301
f 298 300 295
f 293 315 299
f 301 303 305
f 311 318 315
f 312 317 313
f 307 317 308
f 300 303 299
f 310 317 318
f 294 314 311
f 296 316 312
f 267 266 281
f 309 318 314
f 302 305 306
f 302 297 301
f 275 270 271
f 266 271 270
f 294 315 293
f 299 316 300
f 316 295 300
f 466 616 621
f 659 679 681
f 348 370 374
f 353 343 334
f 565 349 560
f 345 354 335
f 355 342 353
f 361 352 362
f 388 366 389
f 351 354 345
f 368 356 367
f 368 350 355
f 354 334 335
f 456 465 454
f 356 353 354
f 572 341 333
f 397 429 396
f 371 372 384
f 386 415 417
f 465 474 469
f 434 370 435
f 377 376 378
f 358 537 463
f 378 409 377
f 474 481 487
f 394 426 395
f 371 384 378
f 371 378 376
f 366 413 380
f 379 382 380
f 385 384 386
f 474 479 481
f 400 399 401
f 380 412 379
f 371 376 362
f 390 422 391
f 372 382 386
f 372 380 382
f 396 395 397
f 581 639 549
f 372 366 380
f 375 404 376
f 383 410 384
f 393 425 392
f 362 403 361
f 402 405 404
f 392 391 393
f 414 417 415
f 408 411 410
f 407 413 406
f 420 423 422
f 424 427 426
f 428 431 430
f 419 433 418
f 397 430 431
f 361 402 375
f 391 423 389
f 389 421 388
f 377 408 383
f 386 416 385
f 398 430 399
f 392 424 394
f 381 415 382
f 346 349 352
f 401 432 400
f 376 405 362
f 365 406 366
f 365 412 407
f 384 411 378
f 385 414 381
f 396 428 398
f 395 427 393
f 388 420 390
f 343 340 331
f 342 348 339
f 455 538 539
f 459 450 449
f 452 442 460
f 561 448 456
f 458 467 468
f 472 491 492
f 460 441 459
f 337 619 620
f 500 532 534
f 520 485 489
f 359 349 347
f 337 617 360
f 537 473 463
f 479 480 481
f 512 481 480
f 529 497 498
f 516 472 483
f 485 482 483
f 487 488 489
f 502 503 504
f 515 483 482
f 475 489 485
f 525 493 494
f 372 397 395
f 364 357 372
f 498 499 500
f 507 478 479
f 513 486 487
f 528 496 495
f 506 468 467
f 508 505 507
f 494 495 496
f 520 517 518
f 514 511 513
f 516 510 509
f 526 523 525
f 530 527 529
f 534 531 533
f 536 522 521
f 534 502 500
f 478 506 467
f 526 494 492
f 524 492 491
f 511 480 486
f 519 489 488
f 533 501 502
f 527 495 497
f 518 484 485
f 504 535 536
f 508 479 468
f 509 471 472
f 510 482 471
f 514 487 481
f 517 488 484
f 531 499 501
f 530 498 496
f 523 491 493
f 447 445 446
f 373 439 332
f 538 455 473
f 449 540 541
f 368 544 369
f 684 357 542
f 545 435 547
f 437 546 547
f 435 545 434
f 436 544 546
f 538 537 548
f 477 373 374
f 603 587 597
f 372 393 391
f 399 357 401
f 364 462 357
f 372 395 393
f 372 391 389
f 397 357 399
f 367 351 357
f 357 351 387
f 371 469 474
f 565 564 349
f 475 485 483
f 474 487 489
f 475 483 472
f 475 474 489
f 359 454 465
f 364 475 470
f 371 475 372
f 643 563 564
f 567 560 562
f 440 467 453
f 434 548 537
f 331 570 659
f 570 682 679
f 347 563 454
f 563 645 566
f 644 564 565
f 641 565 560
f 587 589 586
f 586 588 585
f 435 437 547
f 459 541 460
f 571 653 573
f 636 581 541
f 553 588 555
f 593 586 585
f 597 586 595
f 358 473 370
f 332 444 337
f 616 446 622
f 370 477 374
f 584 631 591
f 596 613 608
f 600 611 612
f 601 554 602
f 594 608 606
f 595 605 607
f 584 592 583
f 597 615 603
f 592 610 598
f 601 614 613
f 595 609 597
f 550 554 601
f 602 554 603
f 553 598 599
f 598 611 599
f 593 612 605
f 594 604 592
f 603 614 602
f 550 591 622
f 583 630 628
f 618 632 627
f 582 634 630
f 584 596 594
f 619 627 629
f 620 625 617
f 617 634 623
f 619 624 620
f 622 633 616
f 621 633 632
f 584 628 626
f 591 635 622
f 549 637 542
f 639 643 637
f 640 642 639
f 637 643 638
f 640 636 645
f 454 563 456
f 562 649 567
f 657 541 646
f 652 562 572
f 448 571 440
f 561 651 571
f 575 652 572
f 575 656 655
f 571 557 440
f 573 654 557
f 566 657 559
f 645 636 657
f 568 647 561
f 326 319 321
f 323 328 327
f 328 329 327
f 329 325 324
f 324 322 320
f 338 570 331
f 574 660 569
f 440 453 448
f 467 440 478
f 471 440 491
f 478 440 480
f 480 440 486
f 482 440 471
f 484 440 482
f 486 440 488
f 488 440 484
f 538 580 540
f 451 438 450
f 551 579 464
f 552 578 662
f 681 667 680
f 677 669 676
f 676 665 675
f 681 666 668
f 445 577 446
f 675 665 672
f 577 445 438
f 660 675 577
f 661 676 660
f 679 671 666
f 675 674 678
f 679 673 671
f 659 680 658
f 645 642 640
f 644 638 643
f 642 644 645
f 583 464 582
f 682 579 663
f 577 578 446
f 338 340 339
f 579 339 582
f 664 570 339
f 578 550 622
f 538 548 580
f 446 578 622
f 464 579 582
f 337 444 619
f 596 550 601
f 464 592 598
f 600 585 553
f 554 590 587
f 464 555 551
f 550 556 554
f 553 464 598
f 553 599 600
f 339 623 582
f 360 623 339
f 331 336 344
f 563 566 456
f 339 579 664
f 570 338 339
f 549 357 462
f 457 490 452
f 536 490 504
f 453 456 448
f 351 345 387
f 387 433 401
f 562 560 349
f 566 559 456
f 444 621 618
f 444 618 619
f 477 455 439
f 476 477 439
f 455 444 439
f 374 332 348
f 373 332 374
f 337 348 332
f 473 455 477
f 339 348 360
f 436 348 350
f 539 538 540
f 451 450 441
f 442 451 441
f 451 442 452
f 451 535 503
f 521 451 490
f 490 451 452
f 438 447 450
f 443 660 438
f 438 660 577
f 333 558 572
f 572 558 575
f 557 571 573
f 569 557 574
f 576 659 658
f 331 659 336
f 558 336 576
f 372 389 366
f 474 468 479
f 372 386 384
f 401 357 387
f 462 461 549
f 461 581 549
f 357 397 372
f 494 475 492
f 492 475 472
f 462 490 461
f 504 490 462
f 500 502 462
f 502 504 462
f 498 462 475
f 498 500 462
f 494 496 475
f 496 498 475
f 462 470 475
f 458 468 474
f 363 465 469
f 359 371 352
f 352 371 362
f 346 333 341
f 377 333 375
f 383 333 377
f 385 333 383
f 375 333 361
f 346 361 333
f 388 333 365
f 365 333 379
f 379 333 381
f 381 333 385
f 392 333 390
f 394 333 392
f 396 333 394
f 398 333 396
f 400 333 398
f 390 333 388
f 558 333 336
f 344 334 343
f 387 345 344
f 344 345 335
f 344 432 419
f 418 344 419
f 334 344 335
f 344 333 400
f 342 340 343
f 437 435 348
f 369 436 350
f 436 437 348
f 435 370 348
f 336 333 344
f 344 343 331
f 497 495 440
f 499 497 440
f 501 499 440
f 503 501 440
f 503 440 451
f 491 440 493
f 495 493 440
f 451 440 443
f 440 569 443
f 438 451 443
f 347 349 564
f 466 455 446
f 446 455 539
f 637 684 542
f 641 567 649
f 650 657 646
f 568 657 650
f 561 559 568
f 341 562 349
f 577 683 578
f 577 678 683
f 578 678 662
f 449 539 540
f 461 457 460
f 449 541 459
f 581 460 541
f 457 452 460
f 450 447 449
f 447 539 449
f 490 457 461
f 684 638 543
f 367 543 368
f 294 293 297
f 309 297 310
f 307 298 296
f 295 296 298
f 281 289 290
f 271 273 277
f 266 270 272
f 267 269 273
f 270 274 276
f 273 269 280
f 269 268 280
f 277 273 280
f 280 272 276
f 281 287 288
f 286 285 282
f 268 279 288
f 269 285 286
f 289 292 291
f 281 284 292
f 282 290 291
f 283 291 292
f 313 307 296
f 315 318 317
f 302 306 304
f 297 293 299
f 298 302 300
f 301 299 303
f 311 314 318
f 312 316 317
f 307 313 317
f 300 304 303
f 310 308 317
f 294 309 314
f 296 295 316
f 309 310 318
f 302 301 305
f 302 298 297
f 275 274 270
f 266 267 271
f 294 311 315
f 299 315 316
f 466 446 616
f 659 570 679
f 353 342 343
f 355 350 342
f 361 346 352
f 388 365 366
f 351 356 354
f 368 355 356
f 368 369 350
f 354 353 334
f 456 458 465
f 356 355 353
f 572 562 341
f 397 431 429
f 386 382 415
f 465 458 474
f 434 358 370
f 377 375 376
f 358 434 537
f 378 411 409
f 394 424 426
f 366 406 413
f 379 381 382
f 385 383 384
f 400 398 399
f 380 413 412
f 390 420 422
f 396 394 395
f 581 640 639
f 375 402 404
f 383 408 410
f 393 427 425
f 362 405 403
f 402 403 405
f 392 390 391
f 414 416 417
f 408 409 411
f 407 412 413
f 420 421 423
f 424 425 427
f 428 429 431
f 419 432 433
f 397 399 430
f 361 403 402
f 391 422 423
f 389 423 421
f 377 409 408
f 386 417 416
f 398 428 430
f 392 425 424
f 381 414 415
f 346 341 349
f 401 433 432
f 376 404 405
f 365 407 406
f 365 379 412
f 384 410 411
f 385 416 414
f 396 429 428
f 395 426 427
f 388 421 420
f 342 350 348
f 459 441 450
f 458 453 467
f 472 471 491
f 460 442 441
f 500 499 532
f 520 518 485
f 359 352 349
f 337 620 617
f 537 538 473
f 479 478 480
f 512 514 481
f 529 527 497
f 516 509 472
f 485 484 482
f 487 486 488
f 502 501 503
f 515 516 483
f 525 523 493
f 498 497 499
f 507 505 478
f 513 511 486
f 528 530 496
f 506 508 468
f 508 506 505
f 494 493 495
f 520 519 517
f 514 512 511
f 516 515 510
f 526 524 523
f 530 528 527
f 534 532 531
f 536 535 522
f 534 533 502
f 478 505 506
f 526 525 494
f 524 526 492
f 511 512 480
f 519 520 489
f 533 531 501
f 527 528 495
f 518 517 484
f 504 503 535
f 508 507 479
f 509 510 471
f 510 515 482
f 514 513 487
f 517 519 488
f 531 532 499
f 530 529 498
f 523 524 491
f 447 438 445
f 373 476 439
f 368 543 544
f 684 367 357
f 437 436 546
f 436 369 544
f 477 476 373
f 603 554 587
f 364 470 462
f 367 356 351
f 371 363 469
f 359 347 454
f 364 372 475
f 371 474 475
f 643 642 563
f 434 545 548
f 570 664 682
f 347 564 563
f 563 642 645
f 644 643 564
f 641 644 565
f 587 590 589
f 586 589 588
f 571 651 653
f 636 640 581
f 553 585 588
f 593 595 586
f 597 587 586
f 358 463 473
f 332 439 444
f 370 473 477
f 584 626 631
f 596 601 613
f 600 599 611
f 594 596 608
f 595 593 605
f 584 594 592
f 597 609 615
f 592 604 610
f 601 602 614
f 595 607 609
f 598 610 611
f 593 600 612
f 594 606 604
f 603 615 614
f 550 596 591
f 583 582 630
f 618 621 632
f 582 623 634
f 584 591 596
f 619 618 627
f 620 624 625
f 617 625 634
f 619 629 624
f 622 635 633
f 621 616 633
f 584 583 628
f 591 631 635
f 549 639 637
f 639 642 643
f 562 648 649
f 657 636 541
f 652 648 562
f 448 561 571
f 561 647 651
f 575 655 652
f 575 558 656
f 573 653 654
f 566 645 657
f 568 650 647
f 326 323 319
f 323 326 328
f 328 330 329
f 329 330 325
f 324 325 322
f 574 661 660
f 551 663 579
f 552 550 578
f 681 668 667
f 677 670 669
f 676 669 665
f 681 679 666
f 660 676 675
f 661 677 676
f 675 672 674
f 679 682 673
f 659 681 680
f 644 641 638
f 642 643 644
f 583 592 464
f 682 664 579
f 338 331 340
f 600 593 585
f 554 556 590
f 464 553 555
f 550 552 556
f 360 617 623
f 549 542 357
f 536 521 490
f 453 458 456
f 387 418 433
f 444 466 621
f 455 466 444
f 337 360 348
f 451 522 535
f 521 522 451
f 443 569 660
f 576 336 659
f 363 359 465
f 359 363 371
f 344 400 432
f 418 387 344
f 342 339 340
f 440 557 569
f 637 638 684
f 641 560 567
f 649 543 641
f 543 638 641
f 568 559 657
f 561 456 559
f 577 675 678
f 578 683 678
f 581 461 460
f 447 446 539
f 367 684 543
f 309 294 297
f 307 308 298
o Frame_Cube.001
v 3.611105 1.762205 -0.546131
v 3.528696 1.735429 -0.546131
v 3.477763 1.665327 -0.546131
v 3.477763 1.578676 -0.546131
v 3.528696 1.508574 -0.546131
v 3.611105 1.481797 -0.546131
v 3.693515 1.508574 -0.546131
v 3.744447 1.578676 -0.546131
v 3.744447 1.665327 -0.546131
v 3.693515 1.735429 -0.546131
v 3.611105 1.762205 -0.593542
v 3.528696 1.735429 -0.593542
v 3.477763 1.665327 -0.593542
v 3.477763 1.578676 -0.593542
v 3.528696 1.508574 -0.593542
v 3.611105 1.481797 -0.593542
v 3.693515 1.508574 -0.593542
v 3.744447 1.578676 -0.593542
v 3.744447 1.665327 -0.593542
v 3.693515 1.735429 -0.593542
v 3.611105 1.733099 -0.622533
v 3.545804 1.711881 -0.622533
v 3.505445 1.656332 -0.622533
v 3.505445 1.587670 -0.622533
v 3.545804 1.532121 -0.622533
v 3.611105 1.510903 -0.622533
v 3.676407 1.532121 -0.622533
v 3.716766 1.587670 -0.622533
v 3.716766 1.656332 -0.622533
v 3.676407 1.711881 -0.622533
v 3.383367 1.452256 0.652971
v 3.366049 1.922902 0.652971
v 3.383367 1.442256 0.579133
v 3.366049 1.932902 0.579133
v 3.997956 1.481119 0.652971
v 3.969093 1.986400 0.652971
v 3.997956 1.471119 0.579133
v 3.969093 1.996400 0.579133
v 3.723922 1.601923 0.652971
v 3.718149 1.855007 0.652971
v 4.098393 1.846836 0.579133
v 4.108014 1.678409 0.579133
v 4.088393 1.846836 0.652971
v 4.098014 1.678409 0.652971
v 2.590144 1.500908 0.652971
v 2.574751 1.766019 0.652971
v 2.580144 1.490908 0.579133
v 2.564751 1.776019 0.579133
v 3.316420 1.642004 0.792718
v 3.318998 1.756473 0.792718
v 2.759493 1.590423 0.792718
v 2.752450 1.716920 0.792718
v -0.287763 1.895683 0.578137
v -0.371379 1.868515 0.578137
v -0.423056 1.797387 0.578137
v -0.423056 1.709469 0.578137
v -0.371379 1.638341 0.578137
v -0.287763 1.611173 0.578137
v -0.204148 1.638341 0.578137
v -0.152470 1.709469 0.578137
v -0.152470 1.797387 0.578137
v -0.204148 1.868515 0.578137
v -0.287763 1.895683 0.454352
v -0.371379 1.868515 0.454352
v -0.423056 1.797387 0.454352
v -0.423056 1.709469 0.454352
v -0.371379 1.638341 0.454352
v -0.287763 1.611173 0.454352
v -0.204148 1.638341 0.454352
v -0.152470 1.709469 0.454352
v -0.152470 1.797387 0.454352
v -0.204148 1.868515 0.454352
v -0.351179 1.431955 0.556867
v -0.500366 1.937884 0.556867
v -0.351179 1.431955 0.469482
v -0.500366 1.937884 0.469482
v 0.508685 1.513867 0.556867
v 0.508685 1.907791 0.556867
v 0.508685 1.513867 0.469482
v 0.508685 1.907791 0.469482
v 1.775054 1.607826 0.663014
v 1.805024 1.722964 0.663014
v 1.952580 1.607826 0.469482
v 1.979344 1.810507 0.469482
v 1.797531 1.731245 0.663014
v 1.974380 1.878186 0.469482
v -0.604450 1.743829 0.556867
v -0.604450 1.743829 0.469482
v 1.974097 1.694760 0.469482
v 1.801334 1.653309 0.663014
v -0.575537 1.840857 0.556867
v -0.575537 1.840857 0.469482
v 1.978512 1.754537 0.469482
v 1.806046 1.680656 0.663014
v -0.543734 1.556705 0.469482
v 1.963269 1.645999 0.469482
v 1.792268 1.627438 0.663014
v -0.543734 1.556705 0.556867
v 0.963799 1.576075 0.663014
v 0.963799 1.731245 0.663014
v 1.885785 1.878812 0.556059
v 0.850020 1.741396 0.641535
v 1.819594 1.741396 0.641333
v 0.508685 1.907791 0.513175
v 1.921505 1.878499 0.512771
v 0.736242 1.788440 0.614998
v 0.850020 1.778290 0.636477
v 1.841658 1.788440 0.614594
v 1.819594 1.778290 0.636275
v 0.622463 1.831839 0.588461
v 0.736242 1.821688 0.609940
v 1.863722 1.831839 0.587856
v 1.841658 1.821688 0.609537
v 1.885785 1.867108 0.561117
v 0.508685 1.865895 0.556867
v 0.622463 1.856957 0.583404
v 1.863722 1.856957 0.582798
v 1.968853 1.905661 0.469482
v 1.921505 1.905974 0.512771
v -0.287763 1.895683 -0.561388
v -0.371379 1.868515 -0.561388
v -0.423056 1.797387 -0.561388
v -0.423056 1.709469 -0.561388
v -0.371379 1.638341 -0.561388
v -0.287763 1.611173 -0.561388
v -0.204148 1.638341 -0.561388
v -0.152470 1.709469 -0.561388
v -0.152470 1.797387 -0.561388
v -0.204148 1.868515 -0.561388
v -0.347576 1.835753 -0.577975
v -0.287763 1.855188 -0.577975
v -0.384542 1.784873 -0.577975
v -0.384542 1.721982 -0.577975
v -0.347576 1.671103 -0.577975
v -0.287763 1.651668 -0.577975
v -0.227950 1.671103 -0.577975
v -0.190984 1.721982 -0.577975
v -0.190984 1.784873 -0.577975
v -0.227950 1.835753 -0.577975
v -0.347404 1.835516 0.599970
v -0.287763 1.854895 0.599970
v -0.384264 1.784783 0.599970
v -0.384264 1.722073 0.599970
v -0.347404 1.671340 0.599970
v -0.287763 1.651961 0.599970
v -0.228123 1.671340 0.599970
v -0.191262 1.722073 0.599970
v -0.191262 1.784783 0.599970
v -0.228123 1.835516 0.599970
v 2.122004 -2.978084 0.328901
v 0.904969 1.206164 0.328901
v 4.883145 -3.004897 0.343606
v 4.192641 1.082342 0.343606
v 3.879789 -3.001189 0.572782
v 0.764401 1.373601 0.534053
v 2.821620 -2.993492 0.572782
v 2.126087 -2.612629 0.328901
v 4.790751 -2.427022 0.343606
v 3.813567 -2.714452 0.572782
v 2.823632 -2.834822 0.572782
v 3.060354 -2.995228 0.502041
v 3.204643 1.270614 0.572782
v 2.966200 -2.598964 0.572782
v 3.694136 -2.999838 0.499809
v 3.549217 -2.512431 0.572782
v 3.377244 -2.997533 0.465627
v 3.213003 -2.481933 0.572782
v 4.860705 -2.751791 0.343606
v 3.850042 -2.872387 0.572782
v 2.822524 -2.922218 0.572782
v 2.136029 -2.788703 0.328901
v 3.018060 -2.817227 0.536198
v 3.629038 -2.780896 0.533967
v 3.303467 -2.765927 0.510529
v 3.330284 1.165207 0.572782
v 4.386008 -3.003059 0.572782
v 4.531490 -2.503281 0.572782
v 4.592562 -2.783787 0.572782
v 4.900189 -3.292731 0.343606
v 4.447028 -3.306414 0.572782
v 1.366283 -0.107893 0.328901
v 3.796954 0.402849 0.343606
v 4.267469 -0.711819 0.343606
v 4.575862 -1.609647 0.343606
v 4.320012 -1.632502 0.572782
v 2.266572 -1.847209 0.572782
v 1.941654 -1.903140 0.328901
v 1.661785 -0.980495 0.328901
v 1.044305 0.798371 0.328901
v 4.050037 1.009005 0.343606
v 3.825192 0.702511 0.343606
v 3.547123 1.079128 0.572782
v 2.000887 2.001661 0.397392
v 4.569076 2.001661 0.396557
v 2.045934 1.508970 0.572782
v 0.569940 1.346594 0.322321
v 0.764401 1.291967 0.328901
v -1.955737 1.346594 0.322277
v -2.190305 1.406167 0.322277
v -4.257835 2.001661 0.396412
v -4.829728 1.566154 0.323148
v 2.955916 1.888098 0.572782
v 2.000887 1.943369 0.475357
v -4.034719 1.885077 0.475357
v -4.257834 1.809689 0.396412
v -0.887074 1.885077 0.475357
v -0.914093 1.809689 0.396412
v 2.950212 1.808012 0.572782
v 0.764401 1.436072 0.475357
v -0.745000 1.419389 0.475357
v -0.793209 1.382427 0.396412
v 4.697959 1.265909 0.343606
v 3.042492 1.489801 0.572782
v -1.955737 1.382578 0.396412
v -4.731016 1.437522 0.396412
v 2.000887 1.552075 0.475357
v 2.976654 1.944041 0.572782
v 2.045934 1.943369 0.572782
v -4.034720 1.943369 0.475357
v 0.764401 1.404837 0.524069
v 3.109608 1.377355 0.572782
v 0.569635 1.382578 0.475370
v -2.190305 1.437522 0.396412
v 2.980076 1.679571 0.572782
v -4.257834 1.764247 0.396412
v -1.328898 1.757528 0.396412
v -4.257834 1.566154 0.396412
v 4.757513 1.342735 0.343606
v 3.007257 1.587922 0.572782
v -1.328898 1.566154 0.396412
v -4.257834 1.606421 0.322008
v -4.257834 1.717788 0.322008
v -1.328898 1.711069 0.322008
v -1.328898 1.606421 0.322008
v 3.901579 1.175335 0.572782
v 4.616940 -3.003913 0.572782
v 4.657533 -3.300058 0.572782
v 3.545765 0.380985 0.572782
v 4.014298 -0.734435 0.572782
v 3.586258 0.678920 0.572782
v 3.733881 0.979165 0.572782
v 4.146960 1.338894 0.572782
v 4.491630 1.943369 0.572782
v 4.536340 1.524943 0.572782
v 4.365482 1.443320 0.572782
v 4.568422 1.640913 0.572782
v -4.743797 1.406167 0.322703
v -4.776040 2.161027 0.396412
v -4.776040 1.566154 0.396412
v 2.445550 -2.980947 0.572782
v 1.206769 1.229891 0.572782
v 2.448675 -2.715385 0.572782
v 2.453507 -2.850449 0.572782
v 1.624053 -0.021418 0.572782
v 1.987919 -0.934754 0.572782
v 1.337475 0.831706 0.572782
v 1.085535 1.336655 0.572782
v 4.411570 2.525657 0.396557
v 0.764401 2.525657 0.396752
v 0.569635 2.369195 0.396752
v -4.829729 2.369195 0.323148
v -4.776040 2.369195 0.396412
v 4.520898 2.161027 0.396557
v -4.257835 2.161027 0.396412
v 4.490973 2.259974 0.396557
v -4.776040 2.259974 0.396412
v -4.257835 2.259974 0.396412
v 4.490982 2.259974 0.443484
v 4.520899 2.161027 0.443484
v -4.257835 2.161027 0.443339
v -4.257835 2.259974 0.443339
v -4.829728 1.643802 0.000000
v 4.359514 -3.001189 0.401143
v 2.540560 -2.980947 0.401143
v -4.829728 1.825093 0.274519
v -4.829729 2.369195 0.274519
v 3.012869 2.525657 0.336881
v 0.749829 2.525657 0.337047
v 0.548958 2.369195 0.337047
v -0.678023 2.365301 0.337047
v 4.569076 2.001661 0.138776
v -4.829728 1.687147 0.136345
v 3.016228 2.525657 0.140304
v 4.410672 2.525657 0.140304
v -0.687049 1.643802 0.000000
v -0.687049 1.825093 0.274519
v -0.687050 2.369195 0.274519
v -0.687049 1.687147 0.136345
v 3.071056 2.001661 0.138776
v 3.365061 1.175640 0.539842
v 3.239421 1.281047 0.539842
v 2.984989 1.818446 0.539842
v 2.990693 1.898531 0.539842
v 3.014853 1.690004 0.539842
v 3.144385 1.387788 0.539842
v 3.077269 1.500234 0.539842
v 3.042034 1.598355 0.539842
v -1.543139 0.046827 -0.333514
v -1.916056 1.299505 -0.333514
v -1.543139 0.046827 0.333514
v -1.916056 1.299505 0.333514
v -1.379813 0.178980 -0.333514
v -1.411455 1.299505 -0.333514
v -1.379813 0.178980 0.333514
v -1.411455 1.299505 0.333514
v -1.935377 1.349441 -0.304828
v -1.935377 1.349441 0.304828
v -1.288293 1.349441 -0.304828
v -1.288293 1.349441 0.304828
v -1.814475 0.958281 -0.333514
v -1.814475 0.958281 0.333514
v -1.616424 0.960469 0.333514
v -1.616424 0.960469 -0.333514
v -1.853189 1.079719 -0.333514
v -1.853189 1.079719 0.333514
v -1.620818 1.080866 0.333514
v -1.620818 1.080866 -0.333514
v -1.884623 1.189612 -0.333514
v -1.884623 1.189612 0.333514
v -1.577718 1.190185 0.333514
v -1.577718 1.190185 -0.333514
v -1.436968 -0.067795 -0.333514
v -1.436968 -0.067795 0.333514
v -1.240521 0.047630 -0.333514
v -1.240521 0.047630 0.333514
v -1.264532 -0.128757 -0.333514
v -1.264532 -0.128757 0.333514
v -1.091540 -0.128757 -0.333514
v -1.091540 -0.128757 0.333514
v -1.091540 0.009396 -0.333514
v -1.091540 0.009396 0.333514
v -0.666535 -0.128757 -0.333514
v -0.666535 -0.128757 0.333514
v -0.666535 0.009396 -0.333514
v -0.666535 0.009396 0.333514
v -0.268093 -0.128757 -0.460037
v -0.268093 -0.128757 0.460037
v -0.268093 0.101963 -0.460037
v -0.268093 0.101963 0.460037
v -0.041101 -0.128757 0.367528
v -0.041101 0.017445 0.367528
v -0.041101 -0.128757 -0.367529
v -0.041101 0.017445 -0.367529
v -0.467314 0.029519 -0.367529
v -0.467314 -0.128757 -0.367529
v -0.467314 0.029519 0.367528
v -0.467314 -0.128757 0.367528
v 0.393825 -0.118695 -0.333514
v 0.393825 -0.118695 0.333514
v 0.393825 0.019457 -0.333514
v 0.393825 0.019457 0.333514
v 0.730881 -0.036527 -0.333514
v 0.730881 -0.036527 0.333514
v 0.730881 0.101625 -0.333514
v 0.730881 0.101625 0.333514
v 0.868387 0.010426 -0.333514
v 0.868387 0.010426 0.333514
v 0.868387 0.193854 -0.333514
v 0.868387 0.193854 0.333514
v 1.072968 0.020487 -0.333514
v 1.072968 0.020487 0.333514
v 1.072968 0.416882 -0.333514
v 1.072968 0.416882 0.333514
v 1.379646 -0.043235 -0.333514
v 1.379646 -0.043235 0.333514
v 1.194244 0.815983 -0.333514
v 1.194244 0.815983 0.333514
v 2.122004 -2.978084 -0.328901
v 0.904969 1.206164 -0.328901
v 4.883145 -3.004897 -0.343606
v 4.192641 1.082342 -0.343606
v 3.879789 -3.001189 -0.572782
v 1.085535 1.336655 -0.572782
v 2.821620 -2.993492 -0.572782
v 0.569635 1.943369 -0.572870
v 2.126087 -2.612629 -0.328901
v 4.790751 -2.427022 -0.343606
v 3.813567 -2.714452 -0.572782
v 2.823632 -2.834822 -0.572782
v 3.060354 -2.995228 -0.502041
v 3.204643 1.270614 -0.572782
v 2.966200 -2.598964 -0.572782
v 3.694136 -2.999838 -0.499809
v 3.549217 -2.512431 -0.572782
v 3.377244 -2.997533 -0.465627
v 3.213003 -2.481933 -0.572782
v 4.860705 -2.751791 -0.343606
v 3.850042 -2.872387 -0.572782
v 2.822524 -2.922218 -0.572782
v 2.136029 -2.788703 -0.328901
v 3.018060 -2.817227 -0.536199
v 3.629038 -2.780896 -0.533967
v 3.303467 -2.765927 -0.510529
v 3.330284 1.165207 -0.572782
v 4.386008 -3.003059 -0.572782
v 4.531490 -2.503281 -0.572782
v 4.592562 -2.783787 -0.572782
v 4.900189 -3.292731 -0.343606
v 4.447028 -3.306414 -0.572782
v 1.366283 -0.107893 -0.328901
v 3.796954 0.402849 -0.343606
v 4.267469 -0.711819 -0.343606
v 4.575862 -1.609647 -0.343606
v 4.320012 -1.632502 -0.572782
v 2.266572 -1.847209 -0.572782
v 1.941654 -1.903140 -0.328901
v 1.661785 -0.980495 -0.328901
v 1.044305 0.798371 -0.328901
v 4.050037 1.009005 -0.343606
v 3.825192 0.702511 -0.343606
v 3.547123 1.079128 -0.572782
v 3.586258 0.678920 -0.572782
v 4.569076 2.001661 -0.396557
v 0.569940 1.346594 -0.322320
v 0.569635 2.001661 -0.396752
v 0.764401 1.291967 -0.328901
v 0.764401 1.373601 -0.572853
v -1.955737 1.346594 -0.322277
v -2.190305 1.406167 -0.322277
v -4.257835 2.001661 -0.396412
v -4.829728 1.566154 -0.323148
v -0.928097 1.996882 -0.396752
v 2.955916 1.888098 -0.572782
v -0.887074 1.885077 -0.475356
v -4.257834 1.809689 -0.396412
v -0.914093 1.809689 -0.396412
v 2.950212 1.808012 -0.572782
v -4.034719 1.885077 -0.475356
v 0.764401 1.436072 -0.572870
v -0.745000 1.419389 -0.484764
v -0.793209 1.382427 -0.396412
v 4.697959 1.265909 -0.343606
v 3.042492 1.489801 -0.572782
v 0.569635 1.418561 -0.572870
v -1.955737 1.382578 -0.396412
v -2.190305 1.437522 -0.396412
v -4.731016 1.437522 -0.396412
v 2.976654 1.944041 -0.572782
v -0.907586 1.940979 -0.475356
v -4.034720 1.943369 -0.475356
v 3.109608 1.377355 -0.572782
v 0.569635 1.382578 -0.475370
v 2.980076 1.679571 -0.572782
v -4.257834 1.764247 -0.396412
v -1.328898 1.757528 -0.396412
v -4.257834 1.566154 -0.396412
v 4.757513 1.342735 -0.343606
v 3.007257 1.587922 -0.572782
v -1.328898 1.566154 -0.396412
v -4.257834 1.606421 -0.322008
v -4.257834 1.717788 -0.322008
v -1.328898 1.711069 -0.322008
v -1.328898 1.606421 -0.322008
v 3.901579 1.175335 -0.572782
v 4.616940 -3.003913 -0.572782
v 4.657533 -3.300058 -0.572782
v 3.545765 0.380985 -0.572782
v 4.014298 -0.734435 -0.572782
v 3.733881 0.979165 -0.572782
v 4.146960 1.338894 -0.572782
v 4.491630 1.943369 -0.572782
v 4.536340 1.524943 -0.572782
v 4.365482 1.443320 -0.572782
v 4.568422 1.640913 -0.572782
v -4.743797 1.406167 -0.322703
v -4.776040 2.161027 -0.396412
v -4.776040 1.566154 -0.396412
v 2.445550 -2.980947 -0.572782
v 1.206769 1.229891 -0.572782
v 2.448675 -2.715385 -0.572782
v 2.453507 -2.850449 -0.572782
v 1.624053 -0.021417 -0.572782
v 1.987919 -0.934754 -0.572782
v 1.337475 0.831706 -0.572782
v 4.411570 2.525657 -0.396557
v 0.764401 2.525657 -0.396752
v 0.569635 2.369195 -0.396752
v -4.829729 2.369195 -0.323148
v -4.776040 2.369195 -0.396412
v 4.520898 2.161027 -0.396557
v -4.257835 2.161027 -0.396412
v 4.490973 2.259974 -0.396557
v -4.776040 2.259974 -0.396412
v -4.257835 2.259974 -0.396412
v 4.490982 2.259974 -0.443483
v 4.520899 2.161027 -0.443483
v -4.257835 2.161027 -0.443339
v -4.257835 2.259974 -0.443339
v 2.026677 -2.978084 -0.000000
v 0.809642 1.206164 0.000000
v 4.303421 1.082342 0.000000
v 4.993925 -3.004897 -0.000000
v 4.901530 -2.427022 -0.000000
v 2.030760 -2.612629 -0.000000
v 2.040702 -2.788703 -0.000000
v 4.971485 -2.751791 -0.000000
v 0.704826 1.291967 0.000000
v 5.010969 -3.292731 -0.000000
v 3.907733 0.402849 0.000000
v 1.270956 -0.107893 -0.000000
v 1.566459 -0.980495 -0.000000
v 1.846327 -1.903140 -0.000000
v 4.686642 -1.609647 -0.000000
v 4.378249 -0.711819 -0.000000
v 3.935972 0.702511 0.000000
v 4.160817 1.009005 0.000000
v 0.948978 0.798371 0.000000
v 4.569077 2.001661 0.000000
v 0.510060 1.316607 0.000000
v -1.955737 1.316607 0.000000
v -2.190305 1.376180 0.000000
v 4.699336 1.265909 0.000000
v 4.757520 1.342735 0.000000
v -4.742761 1.376180 0.000000
v 4.359514 -3.001189 -0.408257
v 2.540560 -2.980947 -0.408257
v -4.829728 1.825093 -0.274519
v -4.829729 2.369195 -0.274519
v 3.012869 2.525657 -0.336881
v 0.749829 2.525657 -0.337047
v 0.548958 2.369195 -0.337047
v -0.678023 2.365301 -0.337047
v 4.569076 2.001661 -0.138776
v -4.829728 1.687147 -0.136344
v 3.016228 2.525657 -0.140303
v 4.410672 2.525657 -0.140303
v -0.687049 1.825093 -0.274519
v -0.687050 2.369195 -0.274519
v -0.687049 1.687147 -0.136344
v 3.016228 2.001661 -0.138776
v 3.365061 1.175640 -0.539842
v 3.239421 1.281047 -0.539841
v 2.984989 1.818446 -0.539842
v 2.990693 1.898531 -0.539842
v 3.014853 1.690004 -0.539842
v 3.144385 1.387788 -0.539842
v 3.077269 1.500234 -0.539842
v 3.042034 1.598355 -0.539842
v 1.599661 0.956974 0.401143
v 3.418615 0.936733 0.401143
v 1.599661 0.956974 -0.408257
v 3.418615 0.936733 -0.408257
s 1
f 693 704 694
f 688 699 689
f 693 702 703
f 687 698 688
f 691 702 692
f 686 697 687
f 690 701 691
f 685 696 686
f 685 704 695
f 689 700 690
f 704 713 714
f 713 709 707
f 699 708 709
f 702 713 703
f 697 708 698
f 702 711 712
f 697 706 707
f 700 711 701
f 696 705 706
f 695 714 705
f 699 710 700
f 726 719 721
f 723 719 728
f 715 721 719
f 720 718 716
f 720 724 727
f 724 728 727
f 720 725 722
f 725 728 726
f 717 729 731
f 730 731 729
f 718 730 716
f 723 734 733
f 715 723 729
f 724 716 730
f 733 736 735
f 729 733 735
f 730 734 724
f 730 735 736
f 732 718 731
f 717 718 721
f 718 722 725
f 718 725 726
f 718 726 721
f 718 717 731
f 745 756 746
f 740 751 741
f 744 755 745
f 739 750 740
f 743 754 744
f 738 749 739
f 742 753 743
f 738 747 748
f 746 747 737
f 741 752 742
f 746 832 745
f 783 769 784
f 790 795 794
f 799 761 794
f 794 800 799
f 761 771 782
f 786 783 784
f 760 775 758
f 769 766 787
f 798 796 768
f 772 782 771
f 768 789 798
f 776 771 775
f 796 800 794
f 791 792 790
f 764 803 802
f 787 791 786
f 785 788 762
f 787 784 769
f 778 773 777
f 768 770 789
f 787 777 792
f 774 780 773
f 792 795 790
f 795 796 794
f 800 798 799
f 785 799 798
f 789 802 803
f 792 768 796
f 783 778 766
f 761 775 771
f 786 791 790
f 793 787 792
f 797 792 796
f 801 796 798
f 785 798 789
f 777 787 778
f 778 787 766
f 781 767 780
f 768 792 777
f 759 761 757
f 762 788 758
f 788 789 803
f 754 812 755
f 749 807 750
f 753 811 754
f 748 806 749
f 753 809 810
f 748 804 805
f 756 804 747
f 752 808 809
f 755 813 756
f 750 808 751
f 809 820 810
f 816 815 822
f 804 814 805
f 804 823 815
f 809 818 819
f 812 823 813
f 807 818 808
f 811 822 812
f 806 817 807
f 811 820 821
f 805 816 806
f 828 830 832
f 740 828 827
f 745 831 744
f 740 826 739
f 743 831 830
f 739 824 738
f 743 829 742
f 737 824 825
f 737 833 746
f 741 829 828
f 761 782 757
f 788 760 758
f 794 761 790
f 786 790 761
f 783 786 761
f 783 765 781
f 783 781 774
f 783 774 778
f 779 757 782
f 783 767 765
f 761 763 783
f 935 873 940
f 1196 912 896
f 882 1195 1194
f 856 844 854
f 861 853 862
f 1198 883 931
f 836 1180 852
f 936 855 937
f 843 857 853
f 841 1179 855
f 849 858 857
f 857 850 848
f 853 848 838
f 937 834 934
f 835 1191 873
f 860 853 838
f 845 854 840
f 842 1187 868
f 876 974 859
f 920 864 921
f 924 925 876
f 852 1177 842
f 1181 880 1193
f 938 872 939
f 834 1179 1173
f 865 1185 872
f 843 869 849
f 861 869 843
f 1183 875 866
f 867 1183 866
f 868 1188 867
f 1190 837 874
f 919 974 876
f 1157 1141 1142
f 1084 1158 1156
f 872 1186 871
f 923 870 869
f 1189 1093 1190
f 882 1193 880
f 1174 881 1181
f 1184 1092 1084
f 894 891 895
f 885 959 966
f 905 897 879
f 911 916 909
f 907 898 914
f 904 893 906
f 1055 1190 1093
f 870 851 869
f 858 845 850
f 879 859 846
f 858 847 856
f 891 888 889
f 879 846 905
f 1189 874 875
f 891 914 895
f 954 947 953
f 915 917 916
f 1115 1126 1098
f 898 883 882
f 928 912 930
f 916 910 909
f 1184 873 1191
f 980 930 981
f 926 979 975
f 929 980 979
f 919 975 974
f 875 874 925
f 866 924 922
f 1060 1089 1154
f 866 923 867
f 836 921 863
f 874 919 925
f 842 862 852
f 932 950 945
f 932 884 948
f 932 948 954
f 859 940 876
f 847 870 844
f 854 934 840
f 844 937 854
f 835 935 941
f 949 955 952
f 945 959 885
f 914 917 918
f 947 952 953
f 903 888 890
f 887 903 890
f 951 950 955
f 943 942 961
f 895 914 898
f 1138 1144 1055
f 871 1178 841
f 1175 896 837
f 848 850 957
f 907 911 899
f 864 1140 921
f 1176 863 1182
f 1178 1090 1060
f 864 1079 1083
f 845 840 958
f 959 972 966
f 932 889 884
f 966 969 956
f 925 919 876
f 1096 1156 1158
f 859 975 846
f 846 979 905
f 905 980 897
f 897 981 913
f 908 981 978
f 892 978 976
f 886 976 977
f 901 886 977
f 995 988 996
f 988 997 996
f 986 994 997
f 1009 986 988
f 989 991 985
f 992 989 987
f 991 983 985
f 990 987 983
f 1001 994 998
f 996 1001 1000
f 995 1000 999
f 994 999 998
f 998 1003 1002
f 1003 1000 1004
f 1000 1005 1004
f 1001 1002 1005
f 1044 1049 1045
f 1005 983 987
f 1004 987 989
f 985 1004 989
f 1006 984 982
f 986 1006 982
f 1007 988 984
f 1012 1011 1010
f 1015 1008 1009
f 1010 1007 1006
f 1019 1014 1015
f 1014 1010 1008
f 1008 1010 1006
f 1028 1020 1029
f 1017 1015 1013
f 1016 1013 1012
f 1018 1012 1014
f 1035 1027 1025
f 1023 1028 1030
f 1021 1030 1031
f 1020 1031 1029
f 1002 985 983
f 1033 1025 1024
f 1027 1032 1026
f 1025 1022 1023
f 1027 1020 1022
f 1026 1021 1020
f 1021 1025 1023
f 1029 1017 1016
f 1031 1019 1017
f 1030 1018 1019
f 1018 1029 1016
f 1032 1024 1026
f 1039 1034 1035
f 1034 1036 1032
f 1037 1035 1033
f 1038 1040 1036
f 1045 1043 1041
f 1043 1038 1039
f 1041 1039 1037
f 1040 1037 1036
f 1042 1044 1040
f 1047 1042 1043
f 1051 1046 1047
f 1046 1048 1044
f 1049 1047 1045
f 1092 1153 1158
f 1131 1196 1116
f 1103 1198 1149
f 1075 1063 1066
f 1072 1080 1081
f 1200 958 1173
f 1180 1054 1071
f 1074 1154 1155
f 1077 1066 1070
f 1076 1062 1072
f 1158 1078 1095
f 1179 1060 1074
f 1077 1068 1076
f 1069 1076 1067
f 1067 1072 1056
f 1052 1155 1152
f 1191 1053 1092
f 1079 1072 1081
f 1064 1073 1075
f 1187 1061 1087
f 1095 1078 1215
f 1139 1083 1079
f 1142 1089 1157
f 1177 1071 1061
f 1181 1098 1100
f 1091 1156 1157
f 1052 1179 1074
f 1185 1084 1091
f 1070 1089 1088
f 1088 1086 1087
f 1062 1068 1088
f 1139 1071 1054
f 1094 1183 1085
f 1183 1086 1085
f 1188 1087 1086
f 1138 1095 1215
f 1186 1091 1090
f 1147 1146 1116
f 1102 1193 1194
f 1174 1100 1053
f 899 883 907
f 1110 1112 1108
f 1150 1109 1151
f 1134 1136 1137
f 1059 1108 1123
f 1112 1124 1108
f 1103 1119 1102
f 931 885 1198
f 1171 1164 1165
f 1172 1166 1169
f 1130 1137 1133
f 1126 1114 1118
f 880 906 895
f 878 965 947
f 1146 1131 1116
f 1135 1129 1136
f 1109 1129 1128
f 1120 1121 1130
f 1221 1148 1146
f 1220 1144 1216
f 1221 1147 1220
f 1216 1138 1215
f 1139 1079 1081
f 1142 1085 1086
f 1197 965 912
f 1054 1140 1139
f 1093 1138 1055
f 1081 1061 1071
f 1103 1121 1120
f 1162 1201 1202
f 1080 1062 1088
f 1080 1087 1061
f 1152 1073 1058
f 1155 1063 1073
f 1101 1098 1126
f 1100 1098 1101
f 1113 1126 1118
f 1100 1101 1053
f 1121 1149 1105
f 911 909 933
f 1128 1151 1109
f 1164 1169 1166
f 1110 1109 1112
f 1171 1169 1170
f 1168 1172 1167
f 1161 1206 1205
f 1161 1204 1160
f 1199 1200 1069
f 1116 1175 1055
f 1182 921 1140
f 1056 1199 1067
f 1176 1082 1054
f 1067 1199 1069
f 1214 1210 1209
f 957 1226 1199
f 940 865 938
f 1079 957 1199
f 1213 1201 1208
f 969 1208 956
f 1162 1212 1206
f 1143 1095 1138
f 1141 1156 1096
f 1216 1078 1065
f 1220 1065 1125
f 1221 1125 1117
f 1222 1117 1132
f 1127 1222 1132
f 1111 1219 1127
f 1107 1217 1111
f 1122 1218 1107
f 994 984 995
f 1126 1113 1101
f 1077 1064 1075
f 1079 1199 1056
f 860 838 957
f 838 848 957
f 958 1224 957
f 840 934 958
f 957 850 958
f 850 845 958
f 901 927 878
f 1226 1200 1199
f 1058 1200 1152
f 1064 1200 1058
f 1200 1064 1069
f 1200 1223 958
f 834 1173 958
f 919 837 926
f 1144 1147 1055
f 929 896 928
f 837 896 929
f 1222 1145 1148
f 1219 1217 1145
f 1217 1218 1145
f 1122 1145 1218
f 981 927 978
f 978 927 976
f 976 927 977
f 930 878 927
f 901 977 927
f 912 965 878
f 1203 1209 1210
f 965 1192 973
f 1207 973 1192
f 1182 863 921
f 1207 1197 1131
f 1182 1140 1082
f 968 973 967
f 870 841 936
f 939 871 870
f 844 870 936
f 851 870 847
f 852 920 836
f 867 869 868
f 920 862 860
f 868 861 842
f 887 902 877
f 922 939 923
f 879 897 913
f 879 941 935
f 851 849 869
f 1090 1157 1089
f 1066 1063 1089
f 1070 1066 1089
f 1068 1070 1088
f 1063 1154 1089
f 1059 1107 1111
f 1059 1111 1127
f 1059 1117 1125
f 1059 1122 1107
f 1059 1125 1065
f 1059 1127 1132
f 1059 1132 1117
f 1101 1113 1057
f 1123 1099 1059
f 1114 1110 1108
f 1059 1114 1108
f 1059 1113 1118
f 1166 1161 1160
f 1122 1099 1097
f 968 967 961
f 1203 1159 1160
f 1159 1203 1210
f 1204 1203 1160
f 954 952 955
f 942 968 961
f 1148 1097 1131
f 1122 1097 1145
f 1131 1097 1207
f 1166 1160 1159
f 1159 1210 1166
f 1164 1097 1099
f 1164 1207 1097
f 938 924 940
f 924 938 922
f 924 876 940
f 1095 1096 1158
f 879 908 892
f 913 908 879
f 892 886 879
f 886 902 879
f 910 889 909
f 911 918 915
f 932 955 950
f 911 907 914
f 888 891 890
f 902 900 879
f 888 884 889
f 902 878 877
f 965 968 949
f 902 901 878
f 903 877 884
f 944 963 964
f 903 887 877
f 949 968 942
f 949 942 943
f 949 943 944
f 943 961 962
f 944 962 963
f 893 900 887
f 900 904 879
f 904 839 941
f 893 890 894
f 895 906 894
f 906 893 894
f 839 904 906
f 839 906 880
f 881 839 880
f 881 835 839
f 835 941 839
f 879 904 941
f 1057 1113 1059
f 1053 1057 1153
f 1065 1153 1057
f 1057 1053 1101
f 884 877 948
f 878 947 877
f 947 948 877
f 1135 1130 1128
f 909 889 933
f 1130 1151 1128
f 1120 1130 1133
f 1118 1114 1059
f 1112 1104 1124
f 1124 1123 1108
f 1106 1165 1164
f 1099 1106 1164
f 885 933 932
f 1121 1151 1130
f 1133 1136 1129
f 1115 1119 1133
f 1133 1110 1115
f 1119 1120 1133
f 1104 1165 1106
f 1124 1106 1123
f 1172 1150 1167
f 1151 1121 1105
f 1105 956 1208
f 945 950 946
f 971 959 960
f 945 971 960
f 950 951 946
f 944 951 949
f 946 964 945
f 1150 1165 1104
f 1150 1171 1165
f 1167 1163 1168
f 1163 1206 1161
f 1168 1161 1166
f 933 899 911
f 885 931 899
f 933 885 899
f 1212 1201 1211
f 1151 1105 1150
f 1162 1163 1167
f 1105 1162 1150
f 885 932 945
f 1162 1167 1150
f 1036 1033 1032
f 1044 1041 1040
f 1007 1011 1009
f 1011 1015 1009
f 1147 1116 1055
f 926 837 929
f 924 875 925
f 1093 1094 1143
f 1105 1208 1201
f 885 966 956
f 1105 885 956
f 934 834 958
f 885 1105 1198
f 1149 1198 1105
f 1195 1102 1194
f 1200 1173 1052
f 1152 1200 1052
f 1094 1096 1143
f 1085 1096 1094
f 1096 1095 1143
f 1207 1166 1210
f 947 965 949
f 762 758 799
f 758 761 799
f 693 703 704
f 688 698 699
f 693 692 702
f 687 697 698
f 691 701 702
f 686 696 697
f 690 700 701
f 685 695 696
f 685 694 704
f 689 699 700
f 704 703 713
f 707 706 705
f 705 714 707
f 714 713 707
f 713 712 711
f 711 710 709
f 709 708 707
f 713 711 709
f 699 698 708
f 702 712 713
f 697 707 708
f 702 701 711
f 697 696 706
f 700 710 711
f 696 695 705
f 695 704 714
f 699 709 710
f 726 728 719
f 723 715 719
f 715 717 721
f 720 722 718
f 720 716 724
f 724 723 728
f 720 727 725
f 725 727 728
f 717 715 729
f 730 732 731
f 718 732 730
f 723 724 734
f 733 734 736
f 729 723 733
f 730 736 734
f 730 729 735
f 745 755 756
f 740 750 751
f 744 754 755
f 739 749 750
f 743 753 754
f 738 748 749
f 742 752 753
f 738 737 747
f 746 756 747
f 741 751 752
f 746 833 832
f 783 766 769
f 760 776 775
f 772 779 782
f 776 772 771
f 796 801 800
f 791 793 792
f 764 788 803
f 787 793 791
f 785 789 788
f 787 786 784
f 778 774 773
f 774 781 780
f 792 797 795
f 795 797 796
f 800 801 798
f 785 762 799
f 789 770 802
f 781 765 767
f 759 763 761
f 754 811 812
f 749 806 807
f 753 810 811
f 748 805 806
f 753 752 809
f 748 747 804
f 756 813 804
f 752 751 808
f 755 812 813
f 750 807 808
f 809 819 820
f 816 814 815
f 815 823 822
f 822 821 820
f 820 819 822
f 819 818 822
f 818 817 822
f 817 816 822
f 804 815 814
f 804 813 823
f 809 808 818
f 812 822 823
f 807 817 818
f 811 821 822
f 806 816 817
f 811 810 820
f 805 814 816
f 825 824 828
f 824 826 828
f 826 827 828
f 828 829 830
f 830 831 832
f 832 833 828
f 833 825 828
f 740 741 828
f 745 832 831
f 740 827 826
f 743 744 831
f 739 826 824
f 743 830 829
f 737 738 824
f 737 825 833
f 741 742 829
f 788 764 760
f 779 759 757
f 783 763 767
f 935 835 873
f 1196 1197 912
f 882 883 1195
f 856 847 844
f 861 843 853
f 1198 1195 883
f 836 1176 1180
f 936 841 855
f 843 849 857
f 841 1178 1179
f 849 851 858
f 857 858 850
f 853 857 848
f 937 855 834
f 835 1174 1191
f 860 862 853
f 845 856 854
f 842 1177 1187
f 920 860 864
f 852 1180 1177
f 1181 881 880
f 938 865 872
f 834 855 1179
f 865 1184 1185
f 1183 1189 875
f 867 1188 1183
f 868 1187 1188
f 1190 1175 837
f 1157 1156 1141
f 1084 1092 1158
f 872 1185 1186
f 923 939 870
f 1189 1094 1093
f 882 1194 1193
f 1174 835 881
f 1184 1191 1092
f 894 890 891
f 911 915 916
f 1055 1175 1190
f 858 856 845
f 879 935 859
f 858 851 847
f 1189 1190 874
f 891 910 914
f 954 948 947
f 915 918 917
f 1098 1102 1115
f 1102 1119 1115
f 898 907 883
f 928 896 912
f 916 917 910
f 1184 865 873
f 980 928 930
f 926 929 979
f 929 928 980
f 919 926 975
f 866 875 924
f 1060 1090 1089
f 866 922 923
f 836 920 921
f 874 837 919
f 842 861 862
f 859 935 940
f 854 937 934
f 844 936 937
f 949 951 955
f 945 960 959
f 914 910 917
f 947 949 952
f 871 1186 1178
f 1175 1196 896
f 864 1083 1140
f 1176 836 863
f 1178 1186 1090
f 864 860 1079
f 959 970 972
f 932 933 889
f 966 972 969
f 859 974 975
f 846 975 979
f 905 979 980
f 897 980 981
f 908 913 981
f 892 908 978
f 886 892 976
f 995 984 988
f 988 986 997
f 986 982 994
f 1009 1008 986
f 989 993 991
f 992 993 989
f 991 990 983
f 990 992 987
f 1001 997 994
f 996 997 1001
f 995 996 1000
f 994 995 999
f 998 999 1003
f 1003 999 1000
f 1000 1001 1005
f 1001 998 1002
f 1044 1048 1049
f 1005 1002 983
f 1004 1005 987
f 985 1003 1004
f 1006 1007 984
f 986 1008 1006
f 1007 1009 988
f 1012 1013 1011
f 1015 1014 1008
f 1010 1011 1007
f 1019 1018 1014
f 1014 1012 1010
f 1028 1022 1020
f 1017 1019 1015
f 1016 1017 1013
f 1018 1016 1012
f 1035 1034 1027
f 1023 1022 1028
f 1021 1023 1030
f 1020 1021 1031
f 1002 1003 985
f 1033 1035 1025
f 1027 1034 1032
f 1025 1027 1022
f 1027 1026 1020
f 1026 1024 1021
f 1021 1024 1025
f 1029 1031 1017
f 1031 1030 1019
f 1030 1028 1018
f 1018 1028 1029
f 1032 1033 1024
f 1039 1038 1034
f 1034 1038 1036
f 1037 1039 1035
f 1038 1042 1040
f 1045 1047 1043
f 1043 1042 1038
f 1041 1043 1039
f 1040 1041 1037
f 1042 1046 1044
f 1047 1046 1042
f 1051 1050 1046
f 1046 1050 1048
f 1049 1051 1047
f 1092 1053 1153
f 1131 1197 1196
f 1103 1195 1198
f 1075 1073 1063
f 1072 1062 1080
f 1180 1176 1054
f 1074 1060 1154
f 1077 1075 1066
f 1076 1068 1062
f 1158 1153 1078
f 1179 1178 1060
f 1077 1070 1068
f 1069 1077 1076
f 1067 1076 1072
f 1052 1074 1155
f 1191 1174 1053
f 1079 1056 1072
f 1064 1058 1073
f 1187 1177 1061
f 1139 1140 1083
f 1142 1088 1089
f 1177 1180 1071
f 1181 1193 1098
f 1091 1084 1156
f 1052 1173 1179
f 1185 1184 1084
f 1088 1142 1086
f 1139 1081 1071
f 1094 1189 1183
f 1183 1188 1086
f 1188 1187 1087
f 1186 1185 1091
f 1102 1098 1193
f 1174 1181 1100
f 899 931 883
f 1150 1104 1109
f 1134 1135 1136
f 1103 1120 1119
f 1171 1170 1164
f 1172 1168 1166
f 1130 1134 1137
f 1126 1115 1114
f 895 898 882
f 882 880 895
f 1146 1148 1131
f 1135 1128 1129
f 1109 1110 1129
f 1221 1222 1148
f 1220 1147 1144
f 1221 1146 1147
f 1216 1144 1138
f 1142 1141 1085
f 1197 1192 965
f 1054 1082 1140
f 1093 1143 1138
f 1081 1080 1061
f 1103 1149 1121
f 1162 1105 1201
f 1080 1088 1087
f 1152 1155 1073
f 1155 1154 1063
f 1164 1170 1169
f 1171 1172 1169
f 1161 1205 1204
f 1116 1196 1175
f 1176 1182 1082
f 1214 1207 1210
f 957 1224 1226
f 940 873 865
f 1079 860 957
f 1213 1211 1201
f 969 1213 1208
f 1162 1202 1212
f 1216 1215 1078
f 1220 1216 1065
f 1221 1220 1125
f 1222 1221 1117
f 1127 1219 1222
f 1111 1217 1219
f 1107 1218 1217
f 994 982 984
f 1077 1069 1064
f 958 1223 1224
f 1226 1225 1200
f 1200 1225 1223
f 1222 1219 1145
f 981 930 927
f 930 912 878
f 1207 1214 973
f 1207 1192 1197
f 968 965 973
f 870 871 841
f 939 872 871
f 852 862 920
f 867 923 869
f 868 869 861
f 922 938 939
f 1090 1091 1157
f 1123 1106 1099
f 1114 1115 1110
f 1122 1059 1099
f 954 953 952
f 1148 1145 1097
f 886 901 902
f 910 891 889
f 911 914 918
f 932 954 955
f 902 887 900
f 888 903 884
f 944 943 962
f 900 893 904
f 893 887 890
f 1057 1059 1065
f 1065 1078 1153
f 1135 1134 1130
f 1112 1109 1104
f 1133 1137 1136
f 1133 1129 1110
f 1124 1104 1106
f 1172 1171 1150
f 971 970 959
f 945 964 971
f 944 946 951
f 946 944 964
f 1163 1162 1206
f 1168 1163 1161
f 1212 1202 1201
f 1036 1037 1033
f 1044 1045 1041
f 1011 1013 1015
f 1195 1103 1102
f 1085 1141 1096
f 1207 1164 1166
f 758 775 761
